5000 2 0
11264 2000
128 256 100 360 6 6
64 256 80 360 5 6
32 512 80 360 3 3
64 512 40 220 5 7
32 64 80 220 6 7
64 512 40 120 5 7
128 256 40 360 7 5
128 512 80 120 8 4
32 256 40 80 3 6
32 512 80 360 3 2
64 512 200 360 4 2
256 512 40 360 3 5
64 512 40 220 6 4
128 256 200 220 8 4
256 512 80 120 3 3
128 512 40 120 7 2
128 512 100 220 7 2
64 512 200 220 7 4
64 256 80 220 7 6
128 512 40 220 7 4
128 512 40 80 3 3
256 512 40 360 3 4
64 512 200 220 4 6
32 512 40 120 7 7
64 128 100 360 3 3
64 512 40 360 5 5
32 512 80 220 8 3
64 256 80 120 8 4
64 512 200 360 5 3
32 128 40 220 3 2
32 512 80 120 8 6
128 512 200 220 4 2
128 256 80 360 6 2
32 256 80 360 5 2
64 512 100 120 4 2
128 256 100 360 5 3
32 256 100 120 6 7
128 512 100 220 4 6
64 128 100 120 4 5
128 256 80 120 4 3
128 256 100 120 5 6
32 512 200 220 8 5
128 256 80 360 5 3
64 128 200 360 7 7
64 128 80 220 5 5
32 128 100 120 4 7
64 512 80 360 3 6
64 128 80 360 7 5
32 512 100 220 4 6
64 512 40 220 3 2
256 512 80 120 3 2
128 256 40 220 8 7
128 512 80 360 8 2
256 512 40 120 8 7
32 256 100 120 6 6
32 128 40 220 4 4
128 512 80 360 4 7
128 512 40 80 7 3
64 256 200 360 4 7
256 512 80 220 5 6
64 128 100 120 4 4
64 128 200 220 7 3
64 128 200 220 7 6
64 128 80 220 5 4
64 256 100 220 5 5
64 512 40 80 4 7
32 256 40 220 3 4
128 256 80 220 6 5
64 256 200 220 6 4
128 256 40 360 3 7
32 512 200 360 3 7
32 64 100 360 8 2
64 256 200 220 8 6
32 256 200 360 4 2
32 128 40 80 7 2
128 256 40 80 6 6
64 128 200 220 7 2
256 512 80 220 7 7
128 256 100 120 5 5
64 256 40 80 8 3
32 128 40 360 5 3
64 512 40 120 3 3
32 128 100 220 8 3
64 128 40 80 8 5
128 512 100 360 7 4
64 128 200 220 6 2
64 256 100 220 7 5
64 512 80 220 3 6
256 512 80 120 8 2
64 256 200 360 7 5
32 512 40 120 6 3
64 512 100 360 7 3
32 256 40 120 4 2
128 512 80 220 3 3
128 256 40 120 3 3
32 128 200 360 3 2
128 256 40 220 3 6
64 256 100 220 3 2
32 256 40 120 4 3
32 128 100 120 5 3
128 512 200 220 5 4
128 512 80 220 6 6
64 128 100 120 7 3
32 128 80 360 3 7
64 128 100 360 6 6
256 512 80 220 8 2
32 512 100 220 5 7
64 128 200 360 8 5
32 64 80 120 6 7
128 256 40 120 8 3
64 256 100 120 3 3
256 512 100 220 5 5
128 256 80 120 6 4
64 512 100 120 8 7
64 512 100 360 3 4
64 128 40 120 6 6
32 256 80 120 8 7
32 64 80 360 4 2
128 512 80 120 6 6
128 256 200 360 3 5
64 256 40 80 7 6
32 512 40 360 7 2
256 512 80 220 7 7
256 512 80 360 3 2
128 256 40 360 5 2
64 128 80 220 7 5
64 512 80 360 5 7
32 128 200 220 4 2
32 512 80 220 5 4
128 512 40 80 4 2
32 64 200 360 3 4
64 512 40 220 7 7
64 128 100 360 3 2
64 128 100 120 3 5
128 512 200 360 4 6
64 256 100 360 6 6
128 512 40 80 5 4
128 512 80 220 6 5
128 512 200 220 6 2
32 64 80 220 7 7
128 256 100 120 3 6
128 256 100 360 4 5
64 128 80 360 7 6
128 512 200 360 8 6
32 256 80 360 5 3
32 64 200 220 7 6
32 512 200 220 7 6
32 128 80 220 3 6
256 512 40 220 5 3
32 64 100 360 5 5
64 256 200 360 6 6
256 512 40 80 4 7
256 512 200 360 4 6
64 128 40 80 8 2
32 64 100 220 6 7
32 128 80 360 5 6
128 256 40 220 4 3
64 512 200 220 7 7
64 256 40 120 7 3
64 256 100 220 7 6
32 64 200 220 7 6
64 512 40 80 4 6
64 256 40 120 6 3
64 512 40 360 5 4
32 128 40 220 4 2
64 128 200 360 6 4
32 128 100 360 5 3
128 512 100 120 7 2
64 512 80 220 5 2
32 64 40 220 5 3
128 256 100 220 8 4
64 512 80 360 5 6
128 512 200 220 5 2
32 256 100 360 5 3
256 512 100 220 7 2
32 256 200 220 8 3
64 128 200 360 6 2
256 512 200 360 4 3
64 512 100 120 8 2
64 512 40 80 8 2
64 128 40 360 4 3
128 256 40 120 8 7
64 512 40 80 3 5
32 64 40 220 8 3
64 128 100 120 8 6
64 128 80 360 6 2
32 64 80 120 8 3
128 256 40 80 8 5
64 512 100 360 8 3
128 512 40 80 3 3
256 512 80 360 6 2
64 512 200 360 6 7
64 512 80 120 8 7
64 512 80 220 4 2
32 256 40 360 3 5
128 512 80 220 6 4
128 256 80 120 8 6
64 256 100 120 8 2
32 256 80 360 8 4
64 256 80 220 7 5
128 256 40 120 7 7
128 256 40 360 6 4
32 512 80 220 4 3
32 64 40 220 6 2
128 512 80 360 8 6
128 256 80 120 7 2
64 512 100 120 6 7
64 512 80 220 6 4
64 256 100 360 3 7
64 256 40 220 4 6
32 64 40 80 3 4
64 512 80 360 7 4
64 512 100 220 7 5
32 256 100 220 6 6
64 512 80 220 5 7
32 256 40 220 6 6
128 512 40 220 5 5
32 256 200 220 4 4
64 128 200 360 4 7
32 256 200 360 7 2
128 512 40 80 3 5
256 512 200 220 4 4
128 512 200 220 4 3
32 128 40 360 4 4
64 512 100 360 4 7
32 512 80 220 4 4
64 256 80 120 4 6
32 128 80 220 5 6
32 512 80 360 8 5
256 512 100 220 6 2
128 256 40 80 8 7
64 128 100 220 6 3
64 128 200 220 4 2
256 512 80 120 3 6
128 256 40 220 5 7
64 256 80 120 3 3
64 128 100 360 7 4
128 512 100 360 7 2
128 256 80 220 3 7
32 128 200 360 8 7
64 512 100 120 6 7
128 256 80 120 6 2
256 512 40 360 8 7
64 128 100 120 7 7
64 256 200 360 3 7
64 512 80 360 7 2
128 512 40 80 4 3
64 512 200 360 6 4
256 512 80 120 5 6
256 512 100 360 4 4
128 256 80 360 5 4
64 256 40 220 5 7
32 64 100 220 8 3
128 256 100 220 4 6
32 64 100 120 7 7
128 256 200 360 6 3
32 128 40 220 3 4
32 64 80 220 4 5
64 256 40 360 6 4
64 512 40 120 6 6
64 512 40 220 3 4
64 512 100 120 8 6
128 256 40 80 3 5
64 128 200 360 5 3
64 512 40 360 3 6
128 256 80 120 5 7
32 256 40 120 6 7
64 256 100 220 6 6
128 512 200 360 5 7
32 256 200 220 5 3
128 512 200 360 6 6
128 256 80 220 7 2
128 256 40 220 6 2
128 256 80 220 6 4
128 256 40 120 3 6
64 128 40 360 5 7
64 256 40 80 8 3
128 256 40 80 7 7
64 512 40 80 6 4
256 512 100 220 6 6
64 256 40 80 5 3
64 256 80 120 3 3
32 128 80 360 5 6
64 512 80 360 5 3
32 128 40 120 6 2
128 512 200 220 6 6
32 64 80 360 3 6
32 256 200 360 7 3
32 256 80 120 6 3
256 512 200 360 3 3
64 256 200 220 3 6
64 256 80 360 8 5
128 256 100 360 3 2
256 512 80 220 8 3
128 512 80 120 3 7
256 512 200 220 3 6
32 256 100 360 7 2
64 128 100 220 3 6
32 64 80 220 6 6
128 256 100 120 5 5
64 512 40 360 6 5
64 256 200 220 5 7
32 128 200 360 4 4
32 64 80 360 6 3
64 512 200 220 8 7
128 512 200 360 5 6
32 512 80 360 3 7
64 256 200 360 7 6
128 256 80 220 3 6
64 256 100 220 4 3
32 256 100 220 4 5
32 256 40 360 7 3
64 128 200 360 3 7
32 256 80 120 5 4
32 128 40 120 8 6
256 512 100 220 4 5
64 512 40 80 6 3
64 256 100 360 7 3
32 256 40 120 6 6
32 64 40 360 5 4
64 512 200 220 3 3
64 128 40 360 6 6
32 256 200 360 5 7
256 512 100 220 5 4
32 64 80 360 3 7
32 512 100 220 6 5
128 256 40 220 8 5
64 512 80 360 5 5
32 256 100 220 8 4
64 128 100 120 5 2
32 512 100 360 7 6
32 512 40 120 5 6
64 512 200 360 4 4
128 256 80 120 7 2
32 256 80 220 4 2
128 512 40 80 7 7
64 256 80 120 5 5
32 64 100 120 6 4
128 512 40 220 5 3
64 256 200 220 4 5
32 512 200 220 4 5
64 512 40 80 7 7
32 256 80 220 4 5
32 512 100 120 6 2
64 128 40 220 5 3
32 256 40 80 3 2
256 512 200 220 7 7
128 256 100 220 7 2
32 128 40 120 8 7
128 256 80 220 8 7
256 512 80 220 7 7
64 128 40 120 8 5
32 512 40 220 8 2
32 128 40 120 4 5
64 512 200 220 4 6
32 512 200 360 4 5
32 128 40 80 6 6
128 256 40 360 3 7
64 256 80 360 8 2
64 512 100 120 6 2
64 512 40 220 7 3
64 128 100 360 6 2
256 512 40 360 6 4
32 64 100 120 7 6
128 256 40 80 4 3
32 256 100 220 8 6
32 128 100 120 5 4
256 512 80 220 4 7
32 128 80 360 7 3
128 256 80 360 3 6
64 512 80 220 7 6
32 64 200 360 6 3
32 128 80 360 6 5
256 512 100 360 8 7
32 64 100 120 3 4
128 512 80 220 4 2
32 64 100 220 3 2
32 64 80 360 6 2
64 512 80 360 8 5
64 128 80 360 5 7
128 256 80 220 8 3
64 128 80 360 5 7
128 256 40 220 6 7
32 64 100 360 3 3
256 512 40 120 5 4
32 512 200 220 8 5
64 512 40 120 8 6
256 512 40 360 8 4
32 512 80 220 7 2
64 128 200 360 4 6
32 64 100 360 6 7
32 512 100 360 4 5
32 512 80 220 3 7
64 512 80 220 6 2
32 256 40 360 5 7
32 64 80 120 4 6
32 512 40 120 8 7
64 512 100 220 6 6
32 64 200 360 4 3
128 512 40 360 3 2
64 256 200 220 7 3
64 256 100 220 3 7
32 256 40 360 5 7
64 128 40 360 4 7
32 256 40 220 3 6
32 64 80 120 4 5
64 256 200 220 5 2
64 128 100 120 5 5
64 512 200 220 6 6
32 64 40 120 5 6
32 512 200 220 3 6
32 256 40 360 4 6
32 256 40 80 8 6
128 512 40 80 4 3
32 512 100 120 5 7
32 128 40 120 6 3
256 512 80 360 3 3
128 512 80 360 7 4
32 512 80 220 6 7
32 512 80 360 7 3
64 512 40 80 4 2
32 64 40 360 3 3
32 128 100 120 7 3
64 512 40 80 3 2
32 256 80 220 7 6
256 512 100 360 5 7
128 512 100 360 3 7
256 512 100 120 8 4
32 64 80 220 4 4
128 256 100 360 4 4
256 512 100 120 8 5
32 64 200 360 5 4
128 256 80 360 5 5
64 128 100 220 8 2
128 256 40 120 5 6
64 512 80 360 5 5
64 256 80 360 7 4
32 256 80 120 6 6
64 512 40 120 4 3
64 128 200 360 7 5
32 128 100 360 6 3
256 512 40 360 7 7
32 512 200 220 5 3
32 512 40 120 3 6
128 256 40 360 3 6
32 512 80 360 7 7
32 256 40 80 8 6
32 64 80 120 6 6
32 128 40 360 6 4
128 512 80 220 7 4
64 256 100 120 5 3
64 128 100 220 3 2
32 512 200 220 5 2
32 256 40 360 4 7
64 128 200 220 5 3
32 128 80 360 5 4
64 128 40 360 3 2
64 512 100 360 8 5
256 512 80 120 3 3
64 128 100 120 6 2
128 512 100 220 5 3
64 512 80 120 3 6
32 256 80 220 5 7
32 256 40 220 5 7
32 64 40 220 3 2
128 256 100 220 4 5
128 256 100 360 8 2
32 256 80 220 7 3
128 512 40 220 5 7
128 256 80 120 6 3
64 128 100 220 8 7
128 256 40 80 6 4
128 256 80 120 6 6
32 128 100 360 7 2
128 512 80 360 8 5
32 256 80 120 7 7
32 256 40 120 8 2
256 512 80 120 3 3
128 512 200 360 8 3
128 256 40 120 5 7
32 128 100 120 3 3
128 256 40 80 3 7
128 512 80 120 4 4
32 512 40 120 8 2
256 512 40 120 6 5
32 64 200 360 5 4
64 128 40 360 8 2
32 128 80 360 8 5
32 256 200 220 8 7
32 64 100 220 5 7
32 128 40 120 7 6
64 256 40 220 6 3
128 512 40 80 3 2
32 64 100 220 7 4
64 256 100 220 7 4
256 512 200 360 8 2
64 128 100 220 5 5
64 128 200 360 4 3
256 512 200 220 8 2
64 512 40 120 6 3
64 256 40 80 3 2
64 512 40 80 5 3
32 128 80 120 4 6
256 512 100 120 5 4
32 64 200 360 6 5
256 512 80 360 5 7
64 256 100 220 4 7
64 256 40 120 8 5
128 256 40 120 3 2
64 512 100 220 4 2
32 512 100 220 6 2
256 512 80 120 5 2
32 256 40 220 8 3
64 128 200 220 6 6
32 128 80 220 5 3
128 512 40 360 6 5
256 512 40 120 6 7
32 256 200 360 3 7
32 256 100 360 5 6
256 512 80 220 5 2
128 256 40 120 5 2
32 256 40 220 8 3
128 512 100 120 7 6
128 512 80 220 5 6
32 128 80 360 6 2
32 128 80 220 7 3
64 256 40 220 4 3
32 256 200 220 6 4
64 256 40 360 3 4
64 128 40 120 5 3
64 512 200 360 4 6
32 512 100 360 4 4
32 128 40 80 4 5
32 128 100 360 8 7
32 128 200 360 6 2
32 512 100 360 4 3
32 256 200 360 4 5
128 512 40 80 8 5
128 512 80 360 4 6
32 512 200 220 5 5
32 512 40 80 7 2
32 64 200 360 8 4
32 512 100 120 5 3
32 64 200 220 8 7
32 512 200 360 6 7
128 256 100 220 6 7
64 512 80 360 3 2
128 256 100 360 3 3
256 512 40 220 7 3
256 512 80 220 6 2
256 512 200 360 8 3
64 256 40 120 3 6
32 64 100 360 5 2
128 256 80 220 5 4
256 512 40 360 3 2
64 128 100 360 5 6
128 512 80 120 3 5
128 256 100 360 5 3
64 128 200 360 3 5
128 512 80 120 3 2
32 128 100 360 5 5
64 128 80 220 3 4
128 256 100 220 4 7
128 512 200 360 6 3
256 512 80 220 6 6
128 256 100 360 4 6
32 512 40 220 5 3
32 64 40 360 3 4
32 256 100 360 8 5
128 256 200 220 4 5
128 512 200 220 6 4
128 512 80 360 4 5
32 64 200 220 6 4
128 256 100 120 4 5
32 512 200 220 7 4
32 512 100 360 5 4
256 512 200 360 5 2
64 128 40 80 4 4
32 64 80 360 7 2
32 512 200 220 3 4
32 256 80 220 5 6
64 128 40 80 4 2
64 256 40 220 3 2
64 128 80 120 3 5
128 256 80 360 3 6
32 256 100 220 4 5
64 256 40 120 6 7
128 512 200 220 6 7
64 256 80 220 4 4
64 128 80 360 6 2
64 128 40 360 7 6
64 512 80 360 3 2
128 512 40 120 3 7
128 512 40 220 7 2
32 128 80 120 5 5
32 128 80 220 5 5
64 512 80 120 5 5
64 256 40 120 4 2
256 512 80 220 8 3
32 128 80 120 4 2
32 64 40 360 3 7
128 512 100 220 3 6
32 256 80 220 7 5
64 128 40 80 7 6
32 128 100 220 4 2
64 512 80 120 3 5
128 256 100 120 4 2
32 512 40 80 4 3
64 128 40 80 4 4
32 128 200 220 8 4
32 128 80 120 7 5
32 64 100 120 4 2
64 256 100 120 7 4
32 256 200 220 4 6
32 128 40 120 3 5
64 256 200 360 4 5
128 256 200 220 5 5
32 512 40 120 7 4
128 256 40 80 5 4
64 128 40 120 6 7
256 512 40 80 8 2
32 512 200 360 7 5
64 128 80 120 5 2
32 256 200 360 8 5
64 256 100 220 5 7
128 512 80 220 7 6
64 512 200 360 3 7
32 256 80 120 3 6
32 512 80 120 7 3
128 512 200 360 7 2
32 512 100 120 3 2
32 64 100 120 7 3
32 256 80 220 4 3
128 256 40 120 6 4
64 512 100 220 8 4
64 256 100 360 4 2
64 512 40 360 6 4
32 512 80 360 8 4
32 128 100 220 6 5
256 512 100 220 4 6
64 512 200 360 6 2
32 256 100 220 7 2
64 128 80 360 7 3
64 512 40 80 3 7
64 256 100 360 7 2
64 128 80 120 4 5
128 256 80 220 3 2
32 256 80 120 6 4
64 128 200 220 5 4
64 512 80 120 6 4
128 512 40 360 7 3
128 512 40 80 7 3
32 64 40 360 8 7
32 64 100 120 8 7
64 256 100 220 8 7
32 256 100 120 6 4
64 512 40 80 4 3
32 512 80 360 7 5
256 512 100 360 4 4
64 512 40 360 8 7
64 256 80 120 7 7
128 256 80 120 4 7
64 256 40 220 8 5
128 512 100 120 8 7
64 128 40 80 6 7
64 512 100 120 7 7
32 512 200 220 6 7
256 512 200 360 8 7
128 512 200 220 5 7
32 128 100 220 4 6
32 128 40 80 6 5
256 512 40 80 8 3
32 512 80 360 3 3
32 256 80 220 6 2
32 128 40 80 4 4
32 64 40 120 8 4
64 512 200 360 4 5
32 512 200 220 3 3
256 512 40 80 3 5
64 512 80 360 8 6
128 256 100 220 4 3
32 128 40 220 5 2
256 512 40 80 5 7
256 512 200 220 6 4
128 512 200 220 6 4
32 64 200 220 8 3
64 512 200 360 8 3
128 512 80 360 5 4
32 128 40 220 3 4
128 256 100 220 8 4
32 128 100 360 6 2
64 512 100 360 3 3
256 512 80 220 5 4
128 512 80 360 5 6
32 64 200 360 7 5
64 512 100 120 3 7
64 512 100 220 8 4
64 512 100 220 8 7
64 256 80 360 7 7
128 256 100 120 5 3
256 512 40 220 8 3
128 256 100 220 4 6
64 128 100 360 6 6
32 128 40 360 4 6
128 512 100 120 3 4
128 256 40 80 7 2
64 256 40 80 3 7
32 64 100 120 6 4
128 256 100 220 7 2
32 128 40 220 5 3
32 512 80 360 5 6
128 256 80 120 6 4
64 128 200 220 7 6
64 512 40 220 6 4
64 256 100 120 6 3
32 128 100 360 7 3
64 512 100 220 4 3
256 512 200 360 7 2
256 512 100 360 6 3
64 256 200 360 6 4
64 512 40 360 3 3
64 128 40 80 7 7
128 512 80 120 3 6
32 64 200 360 4 7
64 128 80 120 3 3
128 256 100 360 3 6
32 128 40 360 3 5
32 256 40 360 3 4
32 128 100 220 4 6
64 256 40 120 7 2
64 128 40 360 8 2
32 64 40 80 6 5
64 512 80 120 6 6
64 128 40 220 4 5
64 128 40 220 6 3
64 256 100 220 3 6
256 512 80 120 8 7
64 512 200 220 3 4
128 256 200 220 7 4
32 512 100 220 8 4
32 128 80 220 4 5
32 512 100 120 3 2
128 256 40 220 8 4
128 512 40 220 6 6
32 128 100 120 7 3
32 128 200 360 3 5
32 512 80 220 5 3
128 512 40 120 7 4
128 512 40 360 3 5
128 512 200 360 7 2
32 512 40 360 7 7
256 512 100 360 6 4
128 512 80 120 7 2
64 256 40 120 4 5
64 256 40 220 3 6
128 256 80 120 5 3
32 512 100 120 6 5
128 256 80 120 7 7
64 128 40 80 7 3
64 128 40 120 3 2
32 128 200 360 7 3
32 128 40 220 8 6
32 512 80 120 7 7
256 512 80 120 6 6
32 128 40 120 4 7
256 512 40 120 8 3
64 128 200 360 6 7
32 512 200 360 4 4
128 256 200 360 3 6
256 512 100 120 5 4
32 128 100 120 8 6
64 256 40 80 8 3
128 512 40 120 7 5
32 512 200 220 5 7
128 256 100 120 6 3
64 128 40 120 8 6
32 256 80 120 7 6
64 128 200 220 8 5
64 512 40 120 6 7
128 256 200 360 7 5
128 512 80 220 7 2
64 128 200 360 3 6
64 512 40 220 5 4
32 256 100 120 6 3
32 64 40 80 7 7
64 512 40 220 8 7
64 512 80 360 7 2
64 128 100 220 6 6
128 256 80 360 4 6
64 128 80 360 6 4
32 128 80 220 8 6
128 256 80 120 8 6
256 512 40 360 5 4
64 128 80 360 3 3
64 512 100 360 6 6
32 128 100 120 5 2
32 128 80 360 6 3
64 128 200 220 3 6
256 512 40 80 3 3
64 512 100 120 8 7
128 256 80 220 6 2
64 256 80 220 7 2
256 512 80 360 8 4
128 256 40 360 7 6
32 256 100 360 7 6
128 256 100 360 3 7
128 512 200 360 6 5
256 512 40 220 7 7
32 64 40 80 3 7
32 128 80 120 8 4
32 512 80 360 6 3
32 512 80 220 3 5
32 512 80 120 6 3
64 128 100 220 4 5
32 64 100 120 6 5
32 512 40 360 8 2
32 512 40 80 3 5
64 128 200 360 7 6
128 256 80 220 4 3
64 256 40 120 8 6
32 512 200 360 8 7
64 512 40 220 5 7
64 128 40 220 6 5
32 64 40 120 7 4
32 256 40 120 3 6
32 128 200 220 7 4
32 64 40 220 5 7
32 64 80 120 6 3
32 64 40 220 8 7
64 512 100 220 4 5
32 64 100 120 6 7
32 64 40 80 4 3
64 128 80 220 6 7
32 256 100 220 5 3
128 256 80 120 5 4
128 512 200 220 6 2
32 64 200 220 5 2
128 512 80 360 8 7
128 256 40 220 8 6
32 128 100 120 4 5
32 256 40 220 7 2
64 256 80 220 3 4
64 256 100 360 7 6
32 256 100 220 7 7
32 512 40 220 5 6
128 256 80 220 8 4
64 128 100 120 3 5
32 512 200 360 3 2
64 256 200 220 6 3
64 256 40 120 6 5
32 512 40 120 5 4
256 512 40 80 5 6
32 256 40 220 6 4
64 128 100 360 7 4
256 512 40 220 5 4
32 512 100 360 5 2
256 512 80 220 8 6
256 512 100 360 6 3
32 256 40 360 8 7
128 256 100 360 4 5
32 256 100 360 4 3
64 512 80 220 7 4
128 256 40 360 6 4
64 512 80 220 4 2
32 256 40 120 8 5
128 256 80 360 7 2
128 256 200 220 3 4
256 512 40 120 7 6
64 512 100 360 5 7
128 256 200 360 3 3
32 512 200 220 8 6
256 512 40 120 6 5
32 128 100 360 5 2
128 256 200 220 5 2
32 128 100 360 8 6
128 512 100 120 4 7
32 256 100 360 8 6
64 512 200 220 4 6
32 128 40 360 5 4
32 256 200 220 5 7
32 64 80 120 5 5
64 512 40 360 3 5
256 512 80 120 6 6
128 256 80 120 8 4
128 512 80 120 4 6
32 256 40 120 3 4
32 256 40 120 5 4
32 256 80 120 7 4
64 512 40 80 6 4
128 256 40 220 5 2
32 64 40 220 4 6
128 512 200 220 3 2
64 256 80 220 3 6
128 256 100 220 6 5
64 512 80 360 6 5
64 512 200 220 5 2
64 256 80 220 8 6
64 512 80 360 4 4
32 512 40 360 8 4
64 512 100 220 4 4
32 512 40 80 6 6
32 256 80 360 4 2
64 256 40 360 6 7
32 512 200 220 3 7
128 512 100 220 3 3
256 512 80 360 6 5
32 256 40 220 7 3
64 128 100 120 4 3
64 256 100 120 5 4
32 512 100 220 8 2
32 64 80 360 7 4
32 512 40 80 5 3
128 512 200 360 3 4
128 256 100 360 3 5
64 512 200 220 6 5
256 512 80 220 3 5
256 512 80 120 7 2
64 128 40 360 8 5
128 256 200 360 6 4
128 512 40 220 6 7
32 128 40 360 5 6
32 128 100 120 3 5
256 512 200 360 7 4
32 128 80 360 5 6
64 128 200 220 3 7
128 512 80 220 6 6
32 512 100 220 8 2
32 256 80 220 4 4
32 256 40 80 7 6
32 64 40 80 8 2
32 256 100 220 8 3
32 512 80 360 8 4
64 512 40 360 4 7
64 256 80 360 3 6
64 256 100 220 5 4
32 128 200 220 4 7
256 512 100 360 4 5
128 512 80 220 3 6
32 128 80 220 6 2
64 256 40 120 6 3
256 512 40 360 4 5
64 512 80 360 3 4
64 128 100 220 3 3
32 128 40 360 8 2
64 128 100 360 7 4
32 64 40 80 7 4
32 64 80 220 3 6
32 512 200 360 6 3
32 512 200 220 5 7
32 128 100 360 4 6
64 512 80 220 6 4
64 256 100 220 8 4
32 128 40 80 4 3
32 512 80 220 4 2
128 256 80 120 5 4
128 512 200 220 4 5
128 256 40 80 6 5
32 128 200 360 5 3
64 512 200 360 5 6
128 256 100 360 5 7
128 512 100 120 4 3
256 512 80 360 8 7
128 512 200 360 7 6
64 128 40 120 7 5
64 512 200 220 3 6
64 256 40 80 3 5
128 256 40 360 7 6
32 512 40 360 3 3
64 512 100 220 6 2
128 256 80 120 4 4
32 128 100 360 5 2
64 256 40 360 6 4
256 512 200 360 5 5
128 256 200 220 4 4
128 512 80 120 6 5
64 128 200 220 4 7
256 512 40 80 4 7
32 512 200 360 3 5
32 128 100 120 4 5
32 128 40 360 6 2
32 128 100 220 7 3
64 256 40 120 8 7
32 64 200 220 5 5
64 128 100 120 6 7
32 128 100 360 3 6
32 512 100 360 5 3
64 256 200 360 8 5
64 256 80 220 5 6
64 128 80 220 5 3
64 128 40 80 6 6
64 128 40 120 8 5
32 64 40 120 7 4
128 512 200 220 4 2
64 512 40 360 7 6
64 256 40 80 4 7
64 512 200 360 4 5
32 256 100 120 8 2
128 512 40 120 7 6
32 64 100 120 4 7
64 512 80 220 8 2
32 128 80 220 8 3
256 512 40 220 4 3
32 256 40 360 3 3
64 512 80 220 3 7
128 512 80 220 4 7
64 512 40 120 4 5
32 64 80 360 4 7
32 512 40 360 4 7
128 256 200 220 6 4
64 512 200 360 7 3
128 256 40 120 8 3
128 512 40 120 4 5
64 128 100 120 5 6
32 128 40 80 6 3
32 512 200 220 5 4
64 128 40 80 5 6
32 64 40 120 7 7
128 256 40 120 6 6
64 128 200 360 8 2
128 512 80 220 3 3
64 256 200 220 7 6
32 256 100 360 8 7
64 128 40 80 8 6
32 256 80 220 4 3
32 64 40 120 6 4
32 256 40 360 5 7
32 256 80 220 7 2
32 128 100 360 3 4
32 512 200 220 6 2
32 128 40 120 3 4
32 256 100 220 8 6
32 128 80 360 8 6
128 256 40 360 5 3
128 256 100 220 8 4
32 256 40 360 4 4
128 256 40 80 8 3
32 64 200 220 3 4
128 256 80 220 7 4
256 512 100 360 8 5
32 256 100 220 8 6
256 512 200 220 4 5
256 512 100 360 5 7
256 512 40 80 7 3
256 512 40 80 8 5
64 256 200 220 6 6
64 128 40 360 7 4
256 512 40 360 7 5
64 256 100 120 4 4
32 128 40 360 3 2
256 512 80 220 5 3
128 512 80 120 6 6
32 256 80 220 8 6
32 64 200 360 5 3
32 128 80 360 7 7
128 512 80 120 5 6
32 512 200 360 7 4
64 256 80 120 3 6
128 256 200 220 5 6
32 128 40 360 5 4
128 512 80 120 6 4
128 512 100 360 6 3
64 256 40 360 8 5
64 256 40 120 7 3
64 512 80 360 7 5
32 64 80 360 6 6
256 512 200 220 3 5
64 128 100 120 6 7
32 64 40 80 4 2
128 256 100 360 4 5
128 512 100 360 5 2
64 512 80 120 4 4
32 256 100 360 5 2
128 256 200 360 7 4
64 512 100 120 8 3
32 64 80 360 5 4
32 512 40 120 5 5
32 64 100 360 7 2
32 512 80 120 4 7
128 512 40 80 8 7
256 512 40 120 8 2
64 512 200 360 4 3
64 128 100 360 8 2
32 256 40 360 3 4
128 512 80 220 4 5
32 256 100 220 4 6
128 512 40 80 3 6
32 64 40 220 6 5
32 512 40 120 6 5
256 512 80 220 6 3
64 128 40 120 7 4
128 512 80 120 8 6
32 256 40 360 8 3
32 256 100 360 5 5
64 512 200 220 3 5
32 256 200 360 8 5
32 512 200 360 7 4
128 256 80 360 7 2
128 256 40 220 8 5
32 64 200 360 5 6
128 256 100 220 3 4
32 512 100 360 7 5
128 512 100 120 5 4
64 512 200 220 5 6
32 512 100 360 5 7
32 256 80 120 7 6
128 512 100 220 5 5
128 512 100 220 6 4
128 256 40 120 8 3
32 256 200 220 7 5
32 128 80 360 6 4
32 512 80 360 8 5
128 256 100 220 6 7
32 512 40 80 7 2
256 512 80 120 4 6
256 512 40 360 3 2
256 512 80 360 3 7
64 512 100 220 8 2
32 256 80 360 3 7
128 256 40 80 3 6
32 512 40 220 7 6
256 512 40 120 5 7
64 256 200 360 6 4
32 64 100 360 3 6
64 128 200 220 8 2
32 128 40 120 4 4
128 512 100 120 7 4
32 128 200 360 8 5
64 128 100 220 8 2
32 512 80 220 7 7
128 512 200 220 3 5
32 512 100 120 7 5
32 256 80 360 5 6
128 512 40 80 7 4
64 128 40 80 5 6
32 512 40 80 8 5
128 256 80 120 4 2
64 128 100 220 8 3
128 256 80 120 8 4
32 128 80 120 3 2
64 512 200 220 8 5
64 512 80 360 4 2
256 512 200 360 7 6
128 256 40 120 8 7
64 128 40 80 7 3
128 256 40 80 8 3
32 256 40 80 5 2
128 512 40 120 6 5
32 512 80 120 8 4
256 512 40 120 5 3
32 128 40 80 8 5
32 256 100 120 5 6
32 256 200 220 6 7
256 512 80 220 3 4
32 64 40 80 7 4
32 256 40 360 4 3
64 256 100 220 3 7
32 512 40 360 3 6
128 512 100 220 7 5
256 512 100 220 5 5
128 512 40 120 8 7
32 256 40 80 8 3
64 128 40 360 6 3
32 64 100 120 4 3
32 512 100 360 5 7
256 512 40 360 4 5
64 512 200 360 7 3
128 256 100 120 7 2
64 256 40 80 8 7
128 512 40 220 8 6
128 256 100 360 3 2
32 64 40 220 8 3
32 256 100 120 3 7
32 64 200 360 4 2
64 512 40 220 3 2
64 512 100 220 3 5
32 256 100 360 6 3
32 128 40 80 8 4
64 256 80 360 8 3
256 512 100 220 4 4
128 256 200 220 5 6
32 512 200 360 5 6
64 512 80 120 4 3
64 128 200 360 6 3
128 256 40 220 4 6
32 256 100 120 8 7
64 256 40 120 6 7
256 512 80 360 7 6
32 256 40 120 5 7
128 256 40 360 5 5
128 512 100 220 8 3
256 512 100 220 6 3
64 512 100 220 3 7
32 256 40 80 5 2
32 128 80 120 8 5
64 512 80 220 4 2
32 64 80 360 3 4
32 128 40 80 3 3
256 512 100 220 7 5
64 128 40 360 4 3
32 64 100 360 7 5
128 512 200 220 7 7
32 64 200 220 6 3
32 128 80 360 8 4
64 512 200 220 5 2
128 512 200 220 3 7
64 256 40 220 6 5
64 512 80 220 6 4
32 256 100 120 8 4
128 256 100 120 6 5
256 512 40 220 8 4
64 256 40 120 6 5
32 64 40 120 6 4
64 128 200 360 4 3
64 128 40 80 4 3
64 128 80 220 8 5
256 512 100 120 4 2
32 512 200 360 6 5
32 512 100 220 6 7
32 128 40 120 5 3
32 128 40 120 7 3
32 512 200 220 8 5
128 512 40 80 3 7
128 256 100 360 3 5
128 256 80 220 3 6
128 512 80 360 8 4
64 256 100 120 8 6
128 256 100 220 8 7
128 512 200 220 7 2
32 64 80 360 5 3
256 512 80 360 4 7
256 512 100 220 7 4
128 256 40 220 6 4
64 128 80 360 7 4
32 256 100 220 5 2
32 256 100 120 5 2
128 512 100 360 4 5
128 512 200 220 3 6
256 512 200 220 3 4
32 128 100 360 7 3
32 128 100 120 8 3
64 256 40 220 8 2
64 128 100 120 7 3
32 64 200 220 5 5
32 128 100 120 7 7
32 256 80 360 6 5
32 256 200 220 3 6
32 256 100 120 4 6
32 64 100 120 8 4
32 64 100 120 5 5
256 512 200 220 7 2
32 256 100 120 4 5
32 128 100 120 5 6
32 128 100 360 3 4
256 512 80 360 8 3
32 64 100 360 4 7
64 512 80 360 6 7
64 512 200 360 8 5
256 512 100 120 3 7
128 256 100 120 7 4
32 64 80 220 8 4
32 128 40 120 8 7
64 128 200 220 4 4
32 256 100 120 3 2
128 512 200 360 8 2
32 128 80 120 4 7
32 128 100 360 3 7
256 512 80 360 5 5
32 512 80 360 5 3
32 512 100 120 8 2
32 512 80 360 8 7
32 64 200 220 4 7
64 128 200 220 3 2
32 512 40 80 6 7
128 256 200 360 6 4
256 512 40 120 5 5
64 512 100 120 3 7
128 512 80 220 8 5
128 512 100 220 5 6
64 256 200 220 3 2
32 64 40 80 4 5
256 512 100 220 5 3
32 256 80 220 3 3
128 256 40 80 5 4
32 256 100 120 3 7
256 512 200 360 7 4
32 64 100 120 6 4
64 256 40 120 5 2
256 512 40 220 3 2
256 512 40 220 3 6
32 256 40 220 5 7
32 64 100 220 8 5
64 128 80 120 5 6
128 512 100 220 7 3
256 512 200 220 8 6
32 512 100 120 5 2
32 64 200 220 3 3
256 512 80 360 8 6
64 256 100 360 8 5
64 128 80 360 4 5
64 256 80 220 6 4
64 512 40 120 6 7
256 512 40 360 3 3
256 512 100 120 3 3
64 128 40 360 3 3
128 512 100 120 8 4
128 512 100 120 8 4
64 128 80 220 6 2
128 256 40 80 5 7
128 256 40 120 4 4
32 256 80 120 5 3
64 512 200 360 5 6
64 128 40 220 7 5
128 256 200 220 6 6
32 512 80 120 4 7
64 256 40 360 8 7
256 512 100 120 6 5
32 64 80 120 4 5
64 256 40 220 7 5
128 256 100 120 3 5
32 128 80 360 3 5
32 128 80 220 4 7
256 512 80 220 4 3
32 256 100 360 7 3
64 128 80 220 7 7
64 512 200 360 8 7
128 512 200 220 3 5
32 64 40 220 6 4
32 512 80 220 7 5
128 512 100 120 7 4
32 128 40 360 5 6
128 512 100 120 4 7
128 256 200 360 5 6
32 512 80 220 8 6
32 64 80 220 5 7
32 512 100 360 4 4
32 256 40 360 7 4
64 512 80 120 6 5
32 512 40 80 4 6
32 512 100 360 5 7
32 512 40 360 7 5
128 256 100 120 5 7
32 64 100 120 7 7
128 256 200 360 5 4
128 256 100 120 7 3
64 512 40 80 5 5
128 512 40 120 3 6
32 64 100 360 4 6
64 128 40 120 3 3
32 64 100 360 6 4
256 512 40 80 4 2
32 64 80 120 7 3
32 64 200 220 8 4
128 512 40 220 3 2
128 256 80 360 6 2
32 128 40 120 3 3
256 512 80 120 4 2
128 256 100 220 7 6
64 256 80 360 7 5
64 256 100 220 4 5
128 512 80 360 4 4
32 256 40 220 5 7
256 512 40 220 7 7
128 512 200 360 7 4
32 128 40 80 8 7
64 128 40 220 7 5
256 512 200 360 6 2
32 128 100 120 5 2
256 512 80 360 6 3
32 128 80 120 5 3
32 512 200 220 6 4
32 128 80 220 5 7
32 512 80 220 4 7
128 256 80 220 7 6
64 512 100 360 5 3
32 64 100 220 8 5
32 64 40 220 4 4
32 512 200 220 4 6
128 256 80 360 4 3
64 256 40 80 5 6
256 512 200 360 6 3
64 512 80 120 8 4
32 256 100 360 4 6
64 128 40 80 7 6
128 256 80 360 5 7
32 128 100 360 8 7
64 256 80 120 5 6
128 256 200 360 3 2
32 256 80 220 7 4
64 256 40 120 8 2
128 256 40 120 7 7
128 256 40 80 6 7
128 256 40 220 8 6
256 512 80 360 8 3
64 128 80 220 6 5
128 256 80 220 6 2
64 256 80 120 8 5
256 512 40 360 3 5
32 128 80 220 8 7
32 512 100 120 7 2
256 512 80 360 7 7
64 256 80 220 8 6
128 512 200 220 7 5
64 512 80 220 4 3
128 256 40 80 7 6
32 512 100 120 3 5
32 512 40 220 8 7
128 256 200 360 5 2
32 512 100 120 8 7
128 256 80 360 5 5
256 512 80 360 5 6
32 64 80 120 3 3
32 128 80 360 4 5
32 512 40 220 3 5
64 512 80 120 7 4
32 256 100 120 4 2
64 128 40 220 3 2
32 128 200 360 5 5
64 128 40 360 6 4
64 512 100 360 3 7
64 256 200 360 7 4
64 512 100 360 6 2
64 256 100 360 6 7
32 64 100 120 4 3
64 256 80 120 8 6
32 512 80 220 6 5
32 512 100 220 5 6
32 128 80 120 8 6
32 512 40 80 6 6
64 128 100 360 4 3
64 128 40 80 6 6
128 512 80 360 8 5
256 512 80 220 4 2
64 512 100 360 8 5
32 512 100 120 8 5
64 128 40 220 4 2
128 256 40 360 5 3
64 512 100 360 7 7
256 512 80 220 8 7
128 256 100 360 7 2
64 256 100 120 7 7
32 128 40 360 7 3
32 128 100 360 5 4
128 512 80 360 4 7
64 256 100 360 8 5
32 512 200 220 3 5
64 256 200 220 7 7
64 512 100 360 5 3
32 256 40 360 3 2
32 512 200 360 6 3
64 512 80 360 6 2
32 256 80 120 7 2
64 256 200 220 6 5
32 512 40 360 3 2
32 128 200 360 8 3
128 256 40 360 4 5
64 256 80 120 3 6
32 512 100 120 4 5
128 256 40 360 6 7
256 512 40 80 5 5
32 128 80 360 5 7
32 64 100 220 3 3
32 64 40 80 6 3
128 256 40 220 6 5
128 256 80 360 6 5
128 512 100 220 3 6
32 128 200 220 7 5
64 128 100 360 5 7
128 512 40 80 7 7
64 512 40 120 6 2
64 256 80 220 3 2
64 256 40 360 7 7
128 256 40 220 4 5
64 512 80 120 8 6
32 128 80 120 8 4
64 512 200 360 3 4
256 512 200 220 7 4
32 64 100 220 3 4
128 512 40 120 5 7
32 256 40 360 3 2
128 256 100 220 4 5
64 256 200 360 7 6
64 512 40 360 8 7
64 512 200 220 8 2
256 512 40 360 8 3
128 256 80 220 5 5
32 256 80 120 4 6
32 64 80 120 5 2
32 64 80 360 5 7
32 512 100 220 6 7
128 256 40 120 8 2
64 128 40 80 8 6
128 512 200 220 4 2
64 256 100 360 6 4
64 512 40 80 5 3
128 512 100 120 6 6
128 256 40 120 7 3
32 64 80 120 7 4
128 256 80 120 3 6
128 512 100 120 3 6
64 512 40 80 8 6
64 512 100 120 3 5
128 256 200 360 4 3
64 256 100 120 4 7
64 256 40 80 7 7
64 128 100 360 6 6
64 512 80 120 3 5
32 64 100 120 3 5
128 256 40 80 8 4
32 128 40 120 3 2
32 256 40 80 4 5
32 256 40 120 3 6
64 512 80 360 8 2
64 512 80 360 4 2
32 128 80 360 7 7
32 64 100 220 8 6
128 256 100 360 6 6
64 512 40 120 7 4
64 512 40 360 4 4
32 128 40 80 5 7
32 64 40 120 8 5
32 64 40 120 8 3
32 64 80 220 6 6
64 512 200 360 6 7
128 512 80 120 8 7
128 512 80 220 7 7
32 256 40 80 7 2
256 512 100 220 8 5
32 64 100 220 4 3
64 256 100 220 3 3
32 256 100 120 7 2
32 512 40 80 5 6
64 512 80 360 4 7
32 256 40 80 4 5
64 512 80 120 7 3
32 512 100 360 5 3
128 256 200 220 5 4
64 256 80 120 7 7
32 128 200 220 8 7
64 128 40 220 4 7
128 256 100 120 3 7
64 256 40 80 4 7
32 64 80 220 6 4
32 256 80 360 4 5
256 512 200 220 5 5
32 256 40 120 6 4
64 512 100 360 3 5
256 512 200 360 7 3
32 64 200 220 8 5
32 64 100 120 5 3
64 128 100 220 6 5
32 128 80 360 6 2
256 512 40 220 3 3
32 64 100 220 5 3
128 512 80 360 4 4
32 128 40 360 5 4
128 512 80 220 4 5
64 256 40 360 5 2
64 128 40 80 5 5
32 128 40 360 5 2
128 256 80 220 7 3
64 512 80 360 7 6
32 128 40 360 6 5
32 64 80 220 3 6
128 256 40 220 5 5
64 256 40 360 8 5
32 256 40 120 3 7
32 128 40 120 3 7
128 256 100 360 5 7
64 128 80 360 6 3
128 256 80 220 8 5
256 512 80 360 8 2
32 512 100 220 5 3
32 128 40 360 7 4
32 512 100 360 3 4
32 64 80 360 3 6
64 512 80 220 4 2
32 256 40 80 4 3
64 512 200 360 3 6
32 128 40 220 5 6
32 64 80 120 6 5
256 512 200 360 3 4
64 512 80 220 7 2
64 256 80 360 6 4
32 512 100 360 3 5
32 128 40 80 3 6
64 512 100 360 6 6
256 512 80 360 3 4
32 512 40 120 3 5
32 512 40 360 8 5
64 256 100 360 7 2
64 256 40 120 4 3
32 128 100 120 3 6
256 512 80 220 4 3
256 512 40 80 3 3
64 512 80 220 3 4
32 512 40 220 6 7
64 512 40 220 5 3
32 256 200 360 8 7
32 128 40 120 6 7
32 256 100 120 4 3
128 512 40 120 3 6
32 512 200 360 8 4
32 512 100 360 8 3
32 64 40 120 4 2
64 256 40 360 8 4
64 128 80 360 8 4
32 64 40 80 4 6
64 256 80 120 3 5
64 128 100 360 6 3
128 256 200 220 8 2
32 512 200 220 8 7
128 512 40 360 7 5
256 512 100 120 3 3
32 256 80 120 3 5
32 64 40 220 6 5
32 128 40 80 6 4
32 128 40 220 7 6
64 512 200 360 3 3
64 256 40 80 8 5
32 64 80 120 8 4
128 256 80 120 3 7
32 256 80 360 8 5
256 512 100 220 6 4
32 256 80 120 3 2
64 256 100 360 7 4
32 128 40 120 7 6
128 512 100 360 4 4
256 512 40 220 3 7
64 128 80 220 5 2
64 512 100 360 3 5
128 512 200 360 4 3
64 256 40 360 4 6
64 256 80 220 6 2
32 512 200 220 6 7
128 256 80 120 3 3
64 256 40 120 6 3
32 512 100 220 6 6
128 256 40 120 4 3
32 256 80 120 3 6
32 128 200 220 8 2
64 512 80 120 5 5
64 512 100 220 5 7
32 64 40 220 7 6
64 512 100 220 3 6
64 128 200 220 7 6
128 512 40 80 5 4
256 512 80 360 5 7
128 256 100 120 7 6
256 512 200 220 6 2
128 256 80 220 6 2
32 128 200 360 8 4
32 512 40 80 3 4
64 512 40 360 3 4
64 256 40 360 6 2
32 256 80 220 5 3
128 256 100 220 3 3
128 512 40 120 8 6
128 256 80 220 8 3
128 256 80 360 4 2
32 256 200 360 8 2
256 512 80 120 7 6
128 512 100 360 4 3
64 128 100 220 3 3
128 256 40 120 5 6
64 128 80 220 5 7
32 64 80 360 8 7
32 512 80 120 7 7
32 64 40 220 4 2
32 128 200 360 3 4
64 256 80 220 7 4
256 512 40 80 4 5
64 512 80 360 8 3
64 256 80 120 7 4
128 512 80 360 7 2
32 512 200 360 4 7
32 256 100 220 4 2
64 512 100 120 5 7
32 128 40 120 4 7
64 256 80 220 7 5
64 128 80 220 4 5
32 256 100 120 8 6
32 64 100 360 5 7
32 512 100 360 7 3
128 256 200 220 7 2
32 128 40 220 6 2
256 512 40 220 5 3
128 256 40 80 5 3
64 128 80 120 4 3
32 512 40 360 4 2
32 64 40 120 4 5
32 512 100 360 8 6
32 512 40 120 8 5
32 512 80 120 6 7
32 256 40 360 3 2
128 512 80 120 3 5
32 512 40 220 8 5
32 64 100 220 4 2
64 128 40 120 7 4
32 128 100 360 4 2
128 256 40 360 8 5
128 256 40 120 8 7
128 512 100 360 5 3
64 256 100 360 5 6
32 512 40 120 3 5
64 512 80 360 6 6
64 512 100 220 5 6
32 64 200 220 4 3
256 512 80 220 3 4
32 128 40 220 6 3
32 256 200 220 6 7
32 512 80 220 7 4
64 256 40 220 5 6
256 512 100 120 8 4
128 512 200 360 7 7
64 128 80 120 3 2
32 256 100 220 3 4
32 128 200 360 3 5
64 128 40 80 8 2
64 512 40 120 6 4
32 64 40 80 8 2
64 256 40 220 4 4
128 256 40 220 4 4
64 512 100 120 5 6
32 512 40 360 8 3
32 256 40 80 6 5
32 64 200 220 3 2
32 64 100 360 7 2
64 256 40 80 6 7
32 512 40 80 3 3
64 256 40 360 8 4
32 64 100 220 3 6
64 128 200 220 3 4
32 64 40 80 7 2
32 128 40 360 3 5
32 64 40 80 5 5
32 128 100 360 8 5
64 128 40 120 5 3
64 512 80 220 4 7
32 256 80 220 6 4
64 128 80 120 8 5
32 256 40 80 5 3
32 256 80 120 5 6
32 256 100 360 7 7
32 128 100 360 4 2
256 512 40 120 7 2
128 256 40 120 7 6
64 128 40 220 8 7
32 128 80 120 7 2
32 256 80 360 7 7
128 512 40 80 3 2
64 256 100 120 3 6
64 512 80 120 7 2
256 512 40 360 4 6
32 256 80 360 4 4
32 512 80 220 7 3
32 64 80 220 7 7
128 256 200 360 6 4
64 256 80 360 8 2
128 256 40 220 3 7
64 512 100 120 3 7
32 128 80 220 5 5
64 256 100 120 7 4
256 512 40 80 4 2
64 256 40 120 8 6
32 512 200 220 8 6
128 512 80 120 6 5
64 128 40 220 4 7
128 512 200 360 8 6
64 512 80 220 3 2
32 64 200 360 4 6
32 256 40 120 4 6
128 256 40 80 4 7
32 64 40 80 4 5
256 512 80 220 5 4
256 512 80 120 8 2
32 128 40 220 3 2
128 512 80 360 5 6
64 128 200 360 6 2
128 512 40 220 5 6
32 128 200 220 7 5
64 512 200 220 4 5
64 256 200 220 7 3
128 256 40 360 4 7
32 256 80 120 8 3
128 512 80 120 4 7
128 256 40 80 3 7
32 128 80 220 4 2
256 512 100 220 5 3
64 128 40 360 5 3
128 512 40 220 8 5
32 512 80 120 8 5
256 512 80 220 8 4
32 512 200 220 8 6
32 512 200 360 6 4
128 512 200 220 8 3
32 512 200 220 6 4
32 256 80 360 5 3
128 512 40 80 5 4
32 128 40 220 7 7
128 512 40 120 3 6
32 128 80 120 5 3
64 512 200 360 5 3
128 256 200 360 8 3
64 256 40 220 5 6
64 512 40 220 8 2
32 64 100 120 8 2
64 128 40 120 6 6
64 512 40 220 7 3
64 512 40 220 3 2
32 256 200 360 8 2
256 512 100 220 6 3
128 256 100 360 4 4
128 512 40 360 5 7
256 512 40 80 8 2
32 512 80 360 3 4
256 512 80 360 6 2
64 256 80 360 8 5
128 512 100 120 7 4
64 256 40 80 6 4
64 128 200 220 6 2
128 256 40 120 8 7
32 64 40 360 8 2
64 256 200 360 6 5
64 256 200 220 8 2
256 512 100 220 4 3
256 512 100 360 6 3
128 256 40 120 6 6
32 256 80 120 6 2
32 256 200 220 5 3
64 128 40 120 3 7
32 64 200 360 5 7
32 128 40 120 4 2
128 512 40 120 7 5
32 512 40 220 3 4
32 256 40 80 4 3
64 512 80 360 5 7
128 512 100 120 6 2
128 512 40 360 5 2
256 512 80 220 7 4
32 128 40 80 7 3
32 64 80 360 6 4
32 512 80 360 3 6
64 256 200 220 3 3
64 512 200 360 3 3
32 512 40 120 5 3
32 512 80 360 3 6
128 256 40 220 5 2
128 512 80 120 8 5
64 128 40 220 5 7
32 128 40 360 5 4
128 256 80 220 3 3
128 256 100 120 4 3
32 256 40 220 5 7
32 512 100 220 7 3
128 512 40 120 4 7
128 256 100 220 4 7
256 512 80 120 7 2
32 64 100 120 4 4
64 128 100 360 5 2
32 512 40 220 3 4
32 64 40 220 7 4
32 256 40 120 5 2
64 128 80 360 6 5
32 256 80 360 8 3
256 512 80 360 8 3
64 128 40 360 7 6
64 256 100 220 6 5
32 128 100 220 7 5
64 256 80 120 4 2
32 512 80 360 8 2
32 64 80 360 4 5
32 64 40 360 7 5
32 64 80 220 7 6
32 128 200 360 6 6
32 256 40 120 7 2
64 256 200 220 6 5
32 512 40 220 6 5
32 128 100 120 3 2
128 256 80 360 5 2
32 512 40 360 8 4
256 512 40 220 7 4
256 512 80 220 4 3
32 256 40 120 5 5
32 64 100 220 6 4
32 128 100 220 6 3
256 512 80 360 3 4
64 128 80 360 5 7
32 64 200 220 8 7
32 128 40 120 4 6
32 64 80 360 4 2
256 512 40 360 6 3
64 256 40 360 5 6
32 512 40 360 3 3
128 512 40 360 8 6
128 256 40 360 6 3
64 128 40 120 5 3
32 512 200 220 7 5
32 512 80 360 8 3
32 64 100 360 6 6
128 256 200 220 5 6
32 256 40 80 4 4
32 256 40 360 3 5
32 64 40 220 7 2
64 256 40 360 8 2
128 512 200 360 4 3
64 256 100 220 8 4
32 64 100 360 4 5
64 256 40 220 5 2
256 512 200 360 3 6
256 512 100 120 7 3
256 512 200 360 8 7
32 64 100 220 3 6
32 128 80 120 7 6
32 128 40 220 6 5
64 512 200 360 3 5
32 128 100 220 5 2
32 256 100 360 4 5
256 512 40 220 6 6
128 256 40 220 4 3
32 512 40 360 6 4
128 256 80 220 7 2
32 128 40 360 7 3
64 512 100 360 4 2
64 128 40 80 6 6
256 512 80 120 4 2
128 256 40 220 7 4
256 512 40 220 7 4
128 512 80 220 7 6
64 256 100 120 7 7
256 512 40 360 3 2
64 128 100 120 8 5
256 512 80 360 6 6
64 128 80 220 4 7
128 512 100 220 7 6
32 64 40 120 3 3
64 512 200 360 7 5
64 256 100 360 4 2
64 256 80 220 4 2
128 512 40 120 5 7
32 256 40 220 3 7
32 128 40 120 5 6
32 128 40 220 3 7
64 256 40 360 4 7
32 64 40 80 3 5
128 256 80 360 8 7
32 512 80 360 4 2
64 256 40 80 5 3
32 256 80 220 6 7
64 256 200 220 5 3
64 512 40 80 4 4
64 512 40 360 8 5
32 256 80 220 4 2
64 128 200 220 3 6
64 512 100 120 5 3
32 512 200 360 6 4
32 128 40 120 7 5
256 512 80 120 7 6
32 512 100 360 4 2
32 64 80 220 4 3
64 128 80 220 3 2
32 512 80 120 5 2
32 512 40 360 6 7
32 64 80 220 6 5
64 128 80 360 6 4
64 512 40 80 8 4
128 512 40 120 8 7
32 512 100 360 7 3
32 64 200 360 4 2
32 64 80 220 6 5
64 256 100 220 8 7
256 512 40 80 5 4
64 256 200 220 6 5
128 256 200 360 7 7
32 128 200 220 7 5
64 128 200 220 6 4
256 512 100 120 4 7
32 512 80 220 5 5
32 64 100 220 3 3
64 128 100 120 8 3
32 128 200 220 4 3
64 256 40 120 5 7
256 512 80 120 6 6
32 128 40 360 8 5
64 512 200 360 7 7
64 512 40 80 6 2
64 512 100 120 6 4
64 512 100 360 3 3
64 256 100 120 3 6
32 256 100 360 4 2
128 256 40 360 6 2
256 512 40 220 5 2
64 128 40 360 8 4
32 256 80 220 3 5
128 256 200 220 4 2
32 512 100 360 3 7
256 512 80 220 8 7
128 512 40 120 5 2
64 256 40 220 3 6
128 256 40 80 5 3
256 512 80 120 7 4
32 64 200 360 4 5
64 512 100 120 3 3
128 256 40 120 8 5
64 256 100 220 5 6
32 512 40 80 8 5
256 512 200 220 7 4
64 512 100 220 5 3
32 512 80 120 4 4
32 64 40 120 8 4
128 256 200 360 5 2
256 512 100 360 5 7
32 128 40 80 7 5
32 128 100 360 6 5
32 64 100 120 6 3
32 256 200 220 5 4
64 512 40 220 7 4
64 128 200 220 7 4
32 128 40 120 7 5
64 128 80 360 6 2
64 128 200 360 3 7
64 512 40 220 4 4
32 128 40 360 6 4
256 512 80 220 4 5
32 256 80 360 8 3
64 128 40 120 5 5
64 128 100 220 7 4
128 512 40 220 8 5
32 512 80 360 3 5
32 128 80 360 4 6
64 256 100 220 4 6
128 256 40 80 5 3
64 128 200 360 5 4
32 128 200 220 4 3
64 512 80 360 7 5
256 512 80 220 4 6
256 512 200 220 4 4
128 256 80 360 5 2
32 256 40 80 5 2
32 64 40 220 6 6
256 512 80 360 4 3
128 512 100 360 5 2
32 256 200 360 3 7
64 128 80 360 8 3
256 512 40 360 7 5
128 256 40 220 5 4
128 256 40 80 5 2
32 512 80 360 5 3
32 512 200 360 6 4
32 512 40 220 3 3
128 512 100 120 5 7
64 512 100 120 6 2
128 512 100 120 8 2
32 512 100 360 5 7
64 256 80 360 3 6
32 64 40 120 7 7
64 512 200 360 5 2
32 512 100 120 5 6
32 256 200 220 6 7
64 512 40 220 6 5
32 512 100 120 3 7
64 512 40 360 3 4
64 128 40 120 7 6
256 512 100 220 8 3
128 512 100 360 7 4
32 128 200 220 3 6
32 128 40 120 5 3
64 128 40 80 8 5
256 512 200 220 4 5
64 128 40 120 5 7
32 64 80 220 3 5
64 512 40 360 4 3
64 128 40 360 3 2
128 512 200 220 7 4
256 512 40 80 5 6
32 128 40 220 4 2
256 512 40 80 6 6
32 256 40 80 5 5
128 512 40 80 6 3
64 128 40 360 5 5
32 128 40 80 4 7
256 512 200 360 7 5
128 256 100 120 7 7
64 128 100 360 4 4
32 512 40 360 7 3
32 256 100 220 4 2
64 256 200 360 3 3
32 256 80 220 5 3
32 512 80 360 7 6
256 512 100 120 7 4
32 512 40 360 5 4
32 512 200 360 5 4
128 512 100 120 4 3
32 256 40 120 6 7
32 256 80 120 3 6
32 128 80 120 6 4
32 256 80 120 7 2
32 64 40 120 3 3
32 512 80 360 7 7
64 256 200 360 4 7
64 256 100 120 7 3
64 128 200 360 3 2
64 128 200 360 3 6
128 256 100 120 8 4
256 512 100 220 7 3
64 128 100 360 6 6
256 512 80 220 5 2
64 128 200 360 6 6
256 512 200 220 6 2
128 256 100 360 7 3
32 128 40 220 4 7
32 64 40 120 7 4
64 256 200 220 6 3
32 64 40 360 3 4
128 512 40 120 3 4
64 128 200 360 8 2
64 256 100 360 3 5
32 512 40 80 4 5
32 512 80 220 5 2
128 512 200 220 8 4
128 512 80 360 5 7
32 256 200 360 3 6
64 512 200 360 5 4
128 512 100 120 7 6
128 256 200 360 3 4
64 256 100 120 7 6
32 256 100 120 7 2
32 64 100 360 6 5
32 256 200 360 4 4
128 256 100 120 6 6
32 256 100 220 5 5
64 512 80 360 4 7
128 256 40 360 6 4
32 128 40 80 5 6
64 512 80 220 5 4
32 512 40 220 6 3
32 128 40 220 5 5
256 512 100 120 4 7
64 128 80 120 4 5
128 512 200 220 4 3
64 256 40 120 7 2
32 64 80 360 6 4
32 512 100 120 7 6
32 128 40 220 5 5
32 128 80 220 6 2
32 512 80 120 8 7
128 512 40 360 4 7
128 512 40 360 6 4
64 256 80 220 6 6
64 512 100 360 7 3
64 128 100 360 4 2
32 512 100 360 7 7
32 512 200 220 6 3
256 512 40 80 5 4
64 128 80 120 3 4
128 256 100 220 5 7
64 128 40 360 6 7
128 512 80 220 3 2
64 256 80 120 8 5
256 512 80 360 3 2
32 64 200 220 5 2
64 512 100 220 4 3
64 256 200 220 5 3
128 256 80 360 3 4
64 512 100 360 3 5
32 256 40 120 5 6
64 256 80 120 3 4
64 128 40 360 6 7
32 64 100 120 6 4
32 64 100 220 8 7
128 256 40 120 8 2
128 512 200 220 7 3
32 512 80 120 5 6
128 256 40 220 4 6
64 256 100 220 7 3
64 512 80 120 4 4
32 512 40 80 7 2
32 512 100 120 6 7
32 512 40 360 5 2
32 128 200 220 3 5
256 512 80 360 7 5
64 256 100 220 6 6
128 512 200 220 5 4
32 256 40 360 7 6
64 128 40 360 7 3
64 128 200 360 5 4
64 256 40 220 3 5
64 256 80 360 8 4
32 256 80 360 4 5
64 512 80 220 3 6
256 512 40 220 7 2
32 256 80 360 6 5
32 512 40 360 5 2
32 64 40 80 7 4
32 128 80 360 5 7
32 256 100 360 8 3
128 512 100 220 7 7
32 256 40 360 6 5
64 128 40 220 4 6
64 256 100 220 6 2
256 512 200 220 8 7
64 256 80 120 4 2
64 128 100 360 5 7
64 128 100 220 5 5
64 128 200 360 4 2
256 512 100 220 4 7
64 512 100 120 3 2
32 128 40 120 6 6
256 512 80 360 6 7
128 512 100 120 5 2
64 256 40 220 7 3
128 256 100 360 3 4
128 512 200 360 7 5
128 256 40 360 5 3
128 512 40 80 7 7
32 64 100 120 3 4
128 512 200 220 7 4
128 256 40 360 5 6
128 256 100 360 8 2
32 64 40 120 4 4
256 512 80 220 8 2
32 256 40 220 3 6
32 512 40 80 8 4
32 64 80 360 6 6
128 256 200 360 8 6
32 512 80 120 5 6
32 256 40 360 8 6
32 64 100 220 8 4
64 256 80 120 7 3
64 256 200 360 4 2
64 512 100 220 6 6
64 512 200 220 6 3
32 256 100 120 7 5
32 256 80 220 7 4
32 64 40 120 4 3
32 512 40 80 4 7
64 128 100 360 5 2
32 512 80 220 7 3
256 512 200 360 4 5
128 256 40 220 3 2
32 64 40 360 5 6
32 64 40 220 7 4
64 512 100 120 6 3
64 128 40 80 3 5
32 256 40 220 7 2
64 256 40 220 8 2
64 512 100 120 3 5
32 256 100 120 3 3
64 128 40 80 5 2
32 128 100 120 7 4
32 64 80 120 8 3
64 512 80 120 7 7
256 512 100 220 7 2
256 512 200 220 5 6
32 128 200 220 5 4
32 128 100 360 3 7
32 512 80 120 6 3
64 256 80 360 3 2
32 128 40 80 7 7
32 64 80 220 6 5
32 512 40 120 5 4
128 512 200 360 3 3
128 512 40 360 6 4
256 512 80 220 8 2
32 128 100 220 3 7
128 512 200 360 6 3
128 256 100 360 4 2
256 512 100 220 8 3
64 128 80 120 6 4
32 128 40 120 6 7
32 512 40 120 7 5
32 512 200 220 4 2
32 128 80 360 7 4
32 256 40 360 4 3
32 128 100 360 6 3
32 512 80 220 4 7
256 512 200 220 6 5
128 512 40 80 8 2
64 512 200 360 3 2
32 128 80 220 3 2
64 256 100 120 7 3
256 512 100 220 8 4
128 256 100 220 5 5
256 512 40 80 3 7
32 512 40 360 8 5
128 512 200 220 7 2
256 512 40 120 4 7
256 512 200 360 3 7
64 512 40 80 7 6
64 128 80 360 3 2
32 512 200 220 3 4
64 256 40 360 6 2
256 512 40 220 3 7
128 512 80 360 7 7
32 128 100 120 8 2
32 256 100 120 8 3
64 256 200 220 3 4
32 64 40 120 6 4
128 256 100 220 5 4
256 512 80 120 4 5
64 256 100 120 3 3
32 64 40 220 5 3
128 256 100 360 3 6
128 512 40 120 5 6
32 128 100 220 6 7
32 512 100 220 3 7
128 256 80 220 5 5
128 256 80 120 7 4
128 512 80 220 7 2
128 256 200 360 3 4
32 512 80 220 3 5
256 512 200 360 5 7
64 128 100 360 5 4
32 128 80 120 3 7
64 512 200 360 7 2
32 256 200 360 6 3
32 256 200 360 8 6
256 512 100 360 5 7
64 128 40 80 5 5
128 256 100 120 8 4
64 256 200 360 5 3
64 128 40 220 8 2
32 512 80 120 6 2
64 256 100 120 3 2
64 512 80 120 5 2
64 128 40 80 5 3
256 512 80 360 4 3
32 512 80 360 3 4
64 128 80 220 6 6
128 512 40 80 6 4
32 128 200 360 8 5
128 256 80 360 5 7
64 128 40 120 6 5
256 512 40 220 8 6
256 512 80 220 3 4
64 512 100 120 3 4
64 128 100 360 6 5
128 512 100 120 7 5
64 256 80 360 3 2
64 512 80 360 4 5
64 128 40 220 5 6
32 128 40 360 4 7
256 512 40 220 7 2
32 128 40 80 5 3
64 256 40 80 4 7
32 128 200 360 7 3
64 256 100 120 3 4
32 256 80 220 7 2
32 128 40 80 4 3
32 64 40 360 3 5
128 512 40 120 3 3
64 256 200 360 7 7
32 64 80 360 6 7
32 64 40 120 3 3
256 512 80 220 3 7
256 512 100 120 8 4
32 64 100 360 5 4
32 256 200 220 4 2
32 64 80 120 5 4
64 128 40 360 7 4
64 256 100 360 7 2
128 256 80 220 5 6
32 256 200 220 7 6
128 512 80 360 5 5
32 64 80 120 6 3
256 512 80 220 7 5
64 512 40 80 8 2
32 512 100 220 4 4
256 512 80 220 6 6
32 128 40 220 3 5
128 256 80 220 7 4
256 512 40 80 5 7
64 256 40 80 3 3
128 512 100 360 5 7
128 512 80 120 3 6
32 512 200 220 5 5
64 512 40 120 7 5
64 128 80 120 4 7
32 128 40 80 6 2
256 512 200 360 4 4
32 128 80 120 6 6
64 512 40 120 5 4
32 64 40 80 6 3
128 512 200 360 6 5
64 128 100 360 7 7
64 512 200 220 8 3
64 256 100 220 3 7
32 128 40 120 5 5
32 256 40 220 5 6
128 256 100 120 3 6
64 128 40 120 8 4
128 512 200 360 4 3
64 128 80 220 8 6
64 512 80 220 5 5
128 256 100 220 7 3
64 256 100 360 4 5
32 64 100 120 4 3
64 128 80 220 7 4
32 64 100 220 3 5
128 512 40 80 3 5
32 64 100 120 3 2
32 128 80 360 5 5
128 512 200 220 4 4
64 512 40 360 6 6
64 256 200 360 4 3
64 512 100 220 3 5
64 128 80 360 6 6
32 128 40 360 7 2
64 128 40 220 7 5
32 256 100 120 7 2
128 512 200 220 3 7
32 512 40 120 5 4
256 512 200 220 3 5
128 256 80 360 3 7
32 128 80 360 8 2
256 512 40 120 8 3
32 256 200 220 6 6
128 512 200 220 4 7
64 256 100 220 4 6
32 128 40 360 8 6
256 512 100 360 5 5
256 512 200 220 4 2
32 128 100 120 8 4
32 256 40 120 7 6
64 256 80 120 5 6
128 256 40 220 8 3
64 256 200 220 8 4
64 512 40 220 8 5
64 512 100 360 7 6
64 128 80 120 4 6
32 256 40 360 5 6
32 512 100 220 3 2
256 512 200 360 5 7
32 64 100 120 5 3
32 64 40 80 3 4
64 512 100 360 8 6
32 128 40 360 5 4
32 256 80 360 7 7
128 256 200 220 7 2
64 256 40 80 4 4
128 512 100 360 8 2
32 512 40 120 4 5
32 128 80 220 4 2
64 512 40 360 7 7
32 256 100 360 3 2
128 512 200 220 8 3
256 512 40 80 5 3
32 64 100 360 3 4
64 128 40 80 5 6
32 128 40 120 4 3
32 256 200 360 4 3
32 64 80 220 5 2
32 512 80 360 4 7
32 256 100 220 8 6
64 512 100 360 6 6
128 256 100 360 5 7
128 256 100 360 8 4
64 256 40 120 6 2
32 64 100 120 7 5
32 64 40 360 3 2
256 512 40 80 5 6
128 512 100 360 7 2
128 256 200 360 6 4
32 64 80 220 4 3
64 128 40 220 3 5
64 256 80 220 6 2
64 256 100 360 8 6
32 512 200 360 3 3
32 512 40 80 5 4
32 64 200 220 4 4
32 512 40 220 4 6
32 256 100 120 8 6
32 256 100 120 3 6
256 512 200 360 4 3
64 256 100 360 5 7
64 256 40 80 4 4
128 256 80 220 5 6
32 512 100 360 6 4
64 512 80 360 5 3
64 512 40 360 7 4
64 256 40 80 7 5
128 512 80 120 7 7
256 512 80 220 6 5
64 128 40 220 5 3
64 128 40 80 7 6
128 512 40 80 3 4
32 512 200 220 6 7
128 512 80 120 5 4
128 512 100 360 5 4
32 512 40 120 6 7
64 128 100 360 4 3
32 512 40 120 8 4
32 64 40 360 6 5
128 512 200 360 5 3
32 128 40 360 7 4
32 512 40 360 3 3
64 512 100 120 8 5
32 512 80 120 5 3
64 256 100 220 5 4
64 256 40 80 8 6
32 128 200 360 4 2
32 64 40 80 4 5
32 512 100 220 4 3
32 64 200 360 7 4
64 256 40 120 6 6
32 64 40 360 6 3
128 512 100 360 3 3
32 128 100 360 8 4
32 512 100 120 4 5
32 128 200 220 5 4
64 256 80 120 3 5
256 512 100 360 8 5
64 512 80 360 3 2
32 256 80 360 6 3
32 128 80 220 3 5
64 128 40 120 7 5
64 128 100 120 5 3
32 512 100 220 7 4
64 512 80 120 5 2
64 512 40 120 6 6
128 256 100 120 6 5
64 128 40 80 8 7
128 512 80 360 5 5
32 128 200 220 4 3
128 256 100 120 5 7
128 256 40 220 7 3
32 64 40 220 4 7
128 512 100 360 3 5
64 256 80 220 8 7
64 512 100 360 7 4
256 512 40 360 7 5
256 512 40 220 4 7
128 512 40 80 3 6
32 64 40 360 4 6
64 128 40 120 4 5
32 256 40 120 4 2
32 64 200 220 8 5
128 256 40 80 4 2
32 64 100 120 3 3
64 512 200 360 6 5
128 512 100 120 7 7
64 256 40 220 4 6
256 512 80 220 8 6
64 256 40 120 4 3
32 64 200 360 3 7
32 512 80 220 8 2
128 256 40 120 7 3
64 256 80 220 8 6
64 256 40 80 3 2
256 512 100 360 8 4
128 512 80 360 8 4
32 512 40 80 3 7
256 512 200 220 3 6
32 256 80 220 6 2
128 256 80 220 3 5
32 64 200 360 4 4
128 256 200 220 4 4
128 512 40 220 7 7
32 256 80 220 7 2
128 512 100 120 7 2
64 256 80 360 3 5
32 64 100 120 3 7
256 512 80 360 4 7
256 512 200 220 7 2
32 64 100 220 4 5
32 512 80 220 8 5
128 512 200 220 5 7
32 64 100 360 5 2
32 64 200 360 3 3
128 512 200 220 4 7
256 512 40 120 4 7
256 512 80 360 5 4
64 512 200 360 6 4
64 128 40 360 7 2
32 64 100 360 8 3
32 256 100 360 3 4
32 64 100 120 4 5
256 512 80 120 7 6
32 128 200 360 4 5
128 256 40 120 8 2
128 256 40 80 3 6
256 512 100 120 3 5
32 512 40 120 6 2
32 256 100 120 3 5
32 64 40 120 8 4
256 512 100 360 4 3
64 128 80 220 7 2
64 256 40 120 7 4
128 512 200 360 7 6
128 256 200 220 8 6
128 512 80 360 6 3
64 256 100 360 7 3
32 64 40 360 6 7
32 64 40 220 7 3
32 128 200 220 7 4
32 256 200 220 6 5
128 256 200 360 3 5
256 512 100 120 5 7
64 128 80 220 6 4
128 256 80 220 4 4
64 256 80 120 7 3
32 512 100 220 4 5
256 512 100 120 7 2
32 64 200 220 7 4
64 128 100 220 7 7
32 256 40 120 5 6
128 512 200 220 6 7
32 512 40 220 5 7
32 64 80 220 8 3
128 512 40 80 4 5
32 128 100 360 3 3
128 512 80 360 5 4
128 256 100 120 3 7
32 256 100 220 8 4
32 512 40 120 7 4
64 256 40 220 7 2
256 512 40 220 3 7
64 256 200 220 4 4
32 128 80 220 6 3
256 512 200 220 8 6
256 512 100 120 8 6
128 512 80 120 5 2
64 256 40 120 8 6
32 256 40 360 6 5
64 128 40 80 8 4
32 256 80 120 6 5
32 512 200 360 3 6
128 256 200 220 3 3
64 256 40 360 4 2
64 256 100 120 4 7
32 64 80 120 5 7
128 256 100 220 6 7
32 512 40 220 7 6
128 512 40 120 6 2
256 512 40 120 3 3
128 512 100 120 3 5
32 512 100 120 4 7
32 64 100 360 3 4
32 256 80 360 4 3
128 256 80 360 7 2
256 512 100 120 5 4
256 512 200 360 6 6
128 512 200 360 7 4
64 512 100 120 6 5
32 64 80 220 6 2
32 256 80 120 5 4
64 256 40 360 7 4
32 128 200 360 8 3
32 128 40 80 5 6
64 256 80 220 7 6
128 512 40 120 7 3
32 128 200 220 3 5
128 256 200 220 4 4
256 512 80 120 5 6
128 512 40 120 5 7
64 128 40 80 5 2
32 64 80 120 5 3
32 64 80 360 4 6
64 128 200 220 3 4
64 512 80 360 7 3
32 256 80 220 6 3
32 512 200 220 3 5
32 64 80 360 7 6
256 512 80 120 5 6
32 128 40 220 8 7
128 256 100 360 5 3
256 512 40 120 6 2
32 128 100 360 5 7
128 512 80 120 6 3
32 64 40 80 5 5
64 512 100 120 7 2
32 128 100 120 6 4
32 64 80 120 7 2
32 64 200 360 4 6
128 256 80 360 6 5
32 128 100 120 8 5
32 256 200 360 6 2
64 512 100 220 5 7
64 512 200 220 7 6
64 512 80 220 5 4
64 256 80 360 3 4
32 128 80 120 4 7
64 128 80 120 7 6
64 256 100 220 5 2
128 256 80 220 4 4
256 512 40 360 6 5
32 128 100 360 4 3
64 512 40 220 3 2
64 128 40 80 4 3
32 64 100 120 8 7
32 128 40 80 4 4
32 64 40 360 4 2
256 512 80 220 8 7
128 256 40 120 3 6
64 256 40 80 5 2
128 512 80 120 5 2
32 256 100 120 4 5
256 512 80 220 6 7
128 512 100 360 6 5
32 64 40 80 4 6
64 256 100 120 8 5
32 64 40 80 5 5
128 512 200 220 8 7
32 128 80 120 7 4
256 512 80 220 7 6
64 512 40 360 8 6
64 128 100 360 4 3
32 128 100 220 7 2
32 64 40 80 4 7
128 512 40 80 4 5
32 64 100 120 8 5
32 128 100 360 4 3
64 128 40 80 6 6
128 256 100 220 8 5
32 128 100 120 4 4
32 128 80 120 8 5
64 128 40 80 6 4
32 64 80 220 7 4
128 512 40 80 6 3
256 512 80 120 3 7
256 512 80 220 7 5
32 128 200 220 5 2
128 256 40 220 8 3
32 512 80 220 6 7
256 512 100 220 8 5
64 256 80 120 5 4
32 128 80 360 6 3
128 256 80 220 4 2
64 512 40 220 3 2
64 128 100 360 4 6
128 512 40 120 3 5
64 256 80 120 6 4
128 256 80 120 8 7
32 512 200 220 6 6
64 512 40 360 5 2
64 256 100 120 6 3
128 256 40 220 8 4
64 512 100 120 8 6
64 256 40 360 8 3
32 128 200 220 4 2
128 256 40 220 4 4
64 128 40 220 5 3
128 256 40 80 5 7
32 64 200 220 5 7
32 64 100 360 8 6
64 512 40 80 3 7
128 256 100 360 8 2
128 256 40 120 6 2
64 128 100 360 4 7
128 256 200 220 3 3
32 64 80 360 4 2
64 512 100 220 5 6
32 512 100 120 6 7
32 512 40 220 6 6
128 256 80 220 3 7
32 512 200 360 3 2
32 256 40 360 5 4
256 512 40 360 6 7
32 128 200 360 3 5
32 256 200 360 6 2
128 512 40 120 7 5
64 128 100 220 8 6
32 128 200 360 6 4
32 64 200 360 3 4
32 128 100 120 5 3
32 512 80 220 4 5
128 256 40 120 6 4
32 512 80 360 6 3
128 256 80 360 5 5
128 512 200 360 7 3
32 64 80 220 6 4
32 128 100 120 3 3
256 512 80 120 6 7
64 256 40 360 6 2
32 512 80 220 6 7
32 128 80 360 7 5
128 512 100 220 7 7
32 128 100 220 3 5
64 256 100 360 5 4
32 64 80 220 7 6
128 256 80 360 6 5
32 64 100 220 6 5
64 256 40 120 5 2
256 512 80 360 8 3
64 256 40 80 4 4
64 512 100 360 8 3
32 64 40 360 8 7
32 128 200 220 6 4
128 256 80 120 3 4
64 512 40 360 3 5
128 512 40 120 6 2
64 128 200 360 3 6
32 256 40 220 7 4
32 256 100 220 8 3
32 64 40 360 8 6
32 128 80 220 5 6
32 128 100 220 4 3
32 64 40 360 4 6
256 512 40 120 6 5
32 256 80 220 3 2
64 256 40 80 4 4
256 512 80 220 5 4
32 128 100 360 4 5
32 512 40 80 7 4
128 512 80 120 7 6
64 256 80 120 8 2
32 64 80 220 3 5
128 512 80 360 3 5
64 256 80 120 4 6
128 256 200 220 6 3
64 256 200 360 8 6
256 512 100 220 3 2
32 512 200 220 5 4
128 512 80 360 6 2
64 128 80 120 7 2
64 128 40 220 6 7
32 128 40 220 4 6
128 256 80 220 6 5
32 128 100 220 6 7
128 512 100 220 7 5
32 128 200 220 5 2
128 512 100 360 4 4
256 512 80 120 7 6
256 512 40 360 4 7
32 256 40 220 8 6
128 256 80 220 3 2
32 128 200 220 4 6
32 256 80 220 7 3
32 64 40 120 8 2
128 512 40 120 4 2
128 512 100 360 8 4
128 512 40 80 7 7
64 512 200 220 4 4
64 128 100 120 7 4
32 64 100 360 5 3
64 128 40 120 4 7
128 512 80 360 6 5
128 256 200 220 4 6
32 256 40 120 4 3
256 512 100 220 5 2
64 512 80 220 8 3
64 512 80 360 6 6
64 512 40 360 7 7
128 256 40 360 4 4
64 128 100 220 7 5
64 256 100 120 7 2
32 128 40 80 3 4
128 256 200 360 8 3
128 512 80 220 5 4
32 512 200 360 5 4
128 512 40 120 7 5
32 512 80 220 6 2
256 512 80 360 6 2
128 256 40 220 5 7
32 256 40 80 6 6
32 512 40 220 5 5
256 512 200 360 6 4
64 128 80 360 4 2
128 256 80 220 4 3
128 512 200 360 6 6
256 512 100 220 3 2
128 512 100 360 7 4
64 256 80 220 5 6
32 512 200 360 6 3
64 512 100 360 5 7
256 512 40 120 8 6
64 256 80 120 7 4
64 512 100 120 5 6
64 256 100 120 3 3
128 256 40 80 8 2
64 512 80 220 3 3
32 512 40 80 4 6
32 64 200 220 5 6
64 512 100 220 7 4
32 512 80 360 7 2
256 512 100 220 8 2
256 512 40 80 4 3
32 128 40 80 3 5
64 512 200 220 3 3
64 128 40 120 8 7
64 128 40 120 3 2
32 512 200 220 7 5
64 128 100 120 5 2
32 256 40 80 8 6
32 128 80 120 7 3
128 512 100 360 8 7
32 512 40 80 4 4
128 512 40 80 3 5
128 256 100 120 7 2
32 128 100 220 5 4
32 64 100 220 7 7
32 256 40 360 5 4
32 512 100 120 5 3
128 256 200 220 7 4
128 512 100 120 3 7
128 512 40 120 5 2
32 256 80 360 8 6
32 64 80 360 5 7
128 512 80 220 7 6
128 512 40 80 7 3
32 512 40 360 8 6
128 512 40 80 3 2
64 128 200 360 3 7
32 64 100 360 8 2
32 256 80 220 7 2
256 512 40 220 4 4
64 128 40 360 6 7
64 256 80 220 5 4
64 256 200 360 5 6
32 512 40 220 8 3
256 512 80 360 3 5
256 512 40 80 6 4
64 512 80 120 7 4
32 128 40 220 4 2
256 512 100 120 7 4
128 256 80 120 8 7
32 128 80 360 4 7
32 128 40 120 3 6
64 512 40 220 4 6
128 512 40 360 8 3
32 128 80 120 3 6
32 64 200 220 4 5
64 128 40 360 5 7
128 512 40 80 8 5
32 64 40 80 7 4
256 512 100 120 8 4
128 512 40 120 8 5
128 512 200 220 5 3
32 128 40 120 8 5
64 512 40 80 5 2
128 256 100 120 4 3
32 256 40 360 5 3
32 512 100 120 5 4
64 256 100 360 5 5
32 64 100 360 5 2
32 256 100 360 5 3
64 256 40 80 8 7
32 256 40 220 5 7
32 64 200 360 8 5
64 128 40 80 8 7
64 128 80 220 5 7
32 512 80 220 5 2
128 256 100 120 3 3
256 512 100 120 4 5
128 256 40 80 3 6
128 512 40 80 7 2
32 256 100 220 3 7
256 512 80 360 3 4
32 256 80 220 5 3
64 256 40 80 3 5
32 64 80 360 4 2
64 512 100 220 6 5
128 512 80 120 6 3
32 512 80 120 7 5
32 64 100 360 3 5
256 512 100 360 7 6
64 512 80 360 7 7
32 512 80 360 5 3
256 512 100 360 3 2
256 512 200 360 7 3
128 256 200 360 3 4
32 128 200 220 4 6
32 256 200 220 7 7
32 64 40 360 8 4
32 512 80 120 3 3
128 256 80 220 5 7
32 512 200 220 7 7
32 512 40 80 7 3
128 256 100 120 7 4
128 256 100 360 6 5
64 128 40 80 8 3
256 512 40 120 8 3
64 128 100 360 5 7
128 256 200 360 5 3
64 256 100 120 6 5
32 512 40 80 8 6
32 256 80 360 5 2
32 64 100 120 8 3
64 512 200 220 7 2
32 256 200 220 5 6
64 128 100 220 4 4
256 512 100 220 4 2
64 128 80 120 3 7
128 512 200 360 4 2
32 128 100 360 8 2
128 512 80 360 4 7
32 512 100 360 5 7
32 128 40 220 3 5
64 256 100 220 6 2
64 256 40 220 8 3
32 256 80 360 7 3
64 256 200 360 3 5
256 512 40 220 5 7
128 256 100 360 5 7
32 128 200 220 7 7
32 128 100 220 4 7
256 512 80 120 6 7
32 128 40 360 5 7
128 512 100 360 3 5
128 512 200 360 5 7
64 512 80 120 7 6
32 128 80 360 3 6
32 64 40 220 8 7
32 64 40 80 3 3
256 512 80 360 8 6
32 256 40 220 4 5
32 256 200 360 5 7
32 512 40 120 4 2
32 64 80 120 8 6
64 256 200 360 7 6
32 256 80 220 8 3
32 64 100 220 6 5
64 128 80 120 6 7
64 128 100 120 7 2
128 256 100 360 5 2
32 64 200 220 4 2
128 512 40 220 6 6
128 512 80 120 8 5
256 512 40 360 6 3
128 256 100 120 3 7
128 512 80 220 5 3
32 64 200 360 3 5
128 512 100 120 4 3
32 128 80 220 8 5
64 128 80 120 3 2
32 128 40 120 8 3
64 256 80 120 5 6
64 128 40 120 6 5
32 128 80 120 6 5
128 256 80 360 5 7
32 64 100 220 6 4
128 256 40 80 7 6
32 128 40 220 3 3
64 128 200 220 6 6
64 128 80 120 3 4
128 512 80 220 7 7
64 128 200 220 8 2
32 128 80 360 5 3
32 256 200 220 4 6
64 128 200 360 7 5
128 512 80 360 5 6
32 512 80 220 8 4
128 256 200 220 8 5
32 512 100 120 8 4
256 512 200 360 8 2
64 512 80 220 6 7
64 128 100 120 7 6
32 256 100 120 6 3
32 128 40 360 5 5
128 256 40 80 8 6
64 128 40 220 4 4
128 512 80 360 5 5
32 128 200 360 8 7
256 512 40 80 6 3
32 128 40 120 7 2
128 256 80 360 8 6
32 512 100 120 3 5
32 64 200 220 7 2
32 256 80 120 5 4
32 512 80 120 7 5
128 512 40 120 6 3
32 512 80 360 5 3
128 512 100 120 3 6
32 64 40 220 7 6
64 256 100 220 6 2
64 256 100 120 6 3
64 128 80 120 8 7
32 64 100 360 8 5
64 128 40 80 3 6
32 256 40 360 6 4
64 512 40 120 5 4
64 256 200 220 3 4
32 128 200 360 4 3
64 256 100 220 5 3
64 512 80 360 4 4
64 128 40 120 4 3
32 64 80 120 5 2
256 512 80 120 6 6
32 512 40 360 4 5
32 128 100 220 4 7
64 128 100 120 7 3
32 512 80 360 3 2
32 512 100 360 3 5
256 512 40 220 6 2
32 256 100 360 3 6
32 256 100 220 6 3
64 256 80 360 4 7
128 256 80 220 3 5
32 256 200 360 6 6
64 128 100 120 8 6
32 512 40 80 3 2
256 512 100 360 3 7
256 512 100 360 8 6
32 256 40 120 5 6
128 512 200 360 8 7
32 256 80 220 8 6
64 512 100 120 6 6
32 256 100 360 7 6
32 64 80 220 7 3
32 64 40 120 7 6
64 512 80 220 7 3
128 256 40 120 5 4
64 256 40 80 6 7
64 512 80 120 5 5
256 512 100 220 8 6
32 64 200 220 6 6
128 256 200 360 7 7
128 256 200 220 7 5
64 128 40 360 4 7
128 512 80 120 3 2
64 128 200 220 5 2
32 256 100 220 6 3
128 256 40 80 7 2
64 128 80 360 8 2
128 512 80 120 8 5
64 512 40 80 4 6
64 256 100 360 6 7
128 256 40 120 4 7
32 512 200 220 3 4
64 512 80 220 4 4
32 256 40 80 5 5
256 512 80 120 8 2
128 256 80 360 4 2
64 256 40 360 3 3
256 512 80 220 3 5
32 64 40 360 3 2
32 128 80 360 3 2
64 512 80 360 4 2
64 256 40 360 7 6
128 512 40 120 5 7
64 512 80 120 4 6
256 512 40 80 5 2
128 256 40 360 6 6
32 512 80 120 8 7
128 512 40 80 6 6
32 256 40 80 5 7
64 256 200 360 4 3
32 64 80 120 8 4
64 128 40 360 7 3
64 256 40 120 7 2
64 512 200 360 7 5
128 256 40 80 3 6
64 256 200 360 6 7
32 128 40 360 8 5
64 128 100 120 5 2
64 128 200 220 3 7
64 512 80 220 6 5
32 64 80 220 8 7
64 128 100 120 3 5
64 512 100 220 8 4
64 256 40 120 4 7
64 512 40 120 4 2
256 512 200 360 5 5
32 64 200 360 7 4
64 512 100 360 3 4
32 128 40 120 7 5
32 256 40 120 8 6
32 512 80 220 4 6
32 64 80 220 8 3
32 512 100 360 7 6
128 256 40 360 6 2
64 512 80 220 6 4
64 128 80 120 6 7
32 256 100 120 3 6
128 512 40 360 7 5
32 128 40 120 3 6
256 512 80 360 7 2
128 256 40 80 6 7
128 512 80 220 5 5
256 512 80 220 5 5
128 512 40 120 4 4
32 128 200 360 5 6
128 256 40 80 7 2
32 512 100 120 7 7
32 128 40 80 3 2
64 128 40 120 8 5
64 512 100 220 7 6
32 64 40 120 5 2
128 256 40 120 8 3
64 256 100 120 7 7
32 256 40 80 8 6
32 512 200 220 3 5
64 128 40 220 4 3
32 64 80 220 6 4
32 64 80 360 3 2
32 128 40 220 4 7
64 256 40 220 3 7
128 512 200 360 5 6
128 512 100 220 6 6
128 512 100 360 3 6
256 512 80 220 7 7
32 128 80 220 8 6
128 512 100 220 6 5
256 512 40 220 8 7
128 256 80 220 3 2
32 64 40 220 4 5
32 64 100 360 6 5
256 512 100 120 6 5
32 128 80 360 4 3
64 512 100 120 6 3
256 512 200 360 8 4
32 128 200 360 6 5
256 512 100 360 7 3
64 512 200 360 3 2
32 512 100 220 8 2
64 512 40 80 6 7
32 64 40 360 6 6
64 256 40 360 6 6
64 512 100 360 6 3
64 512 80 120 6 6
64 256 40 220 3 6
32 512 40 220 6 2
32 128 80 220 7 2
64 256 100 360 8 7
64 128 100 220 4 2
32 64 100 220 8 2
64 128 100 360 5 7
64 512 100 120 7 6
32 512 80 120 5 2
64 512 200 220 8 7
128 256 40 80 7 3
256 512 40 120 6 3
32 64 100 360 4 2
64 256 100 360 5 7
32 256 80 220 4 3
64 512 40 80 3 2
32 64 100 360 3 4
256 512 40 360 6 4
32 512 200 220 7 6
64 512 100 360 3 3
128 256 80 360 8 2
32 512 40 80 4 7
128 512 40 220 3 2
64 512 200 220 5 3
128 512 80 120 7 3
32 64 40 80 7 2
32 64 200 360 3 4
64 128 40 220 4 2
128 256 200 220 5 2
32 512 80 120 4 2
64 128 40 120 6 7
32 512 40 80 8 6
64 128 200 360 7 7
32 256 40 360 4 7
32 512 200 360 4 4
32 64 40 80 7 2
128 256 40 220 8 2
64 256 40 120 6 5
256 512 80 120 5 5
32 512 100 360 6 6
32 64 40 80 7 6
32 64 40 360 7 7
256 512 100 360 5 6
256 512 100 220 3 3
128 512 40 120 4 7
64 256 80 120 5 4
256 512 40 120 3 3
128 256 80 220 4 5
64 256 200 220 3 6
32 512 80 220 6 2
64 256 200 220 7 6
64 256 80 120 3 4
128 256 100 120 4 3
128 256 80 120 3 7
64 512 100 360 8 6
64 512 200 360 6 6
128 256 100 220 3 3
32 512 40 220 6 3
128 512 100 120 6 2
32 64 40 360 4 6
32 64 200 360 6 6
64 128 100 120 6 6
64 256 80 120 4 4
256 512 80 120 6 2
32 512 100 120 4 5
32 128 80 360 7 7
64 128 100 360 3 5
32 256 40 120 6 6
32 64 200 220 6 7
64 128 80 120 6 5
256 512 200 360 5 6
32 64 100 120 7 2
256 512 100 120 3 7
128 256 100 120 7 7
32 256 100 220 5 4
128 256 40 120 5 6
64 512 40 120 3 4
32 128 40 80 5 2
64 512 100 220 5 7
128 512 40 120 4 2
256 512 100 360 4 2
32 256 40 220 4 4
256 512 80 220 4 3
32 64 80 120 8 5
64 128 80 120 6 4
64 128 40 220 3 3
128 512 80 120 4 4
128 512 40 80 6 4
64 512 100 120 6 2
32 128 200 220 4 4
128 512 40 120 6 7
64 128 200 220 3 5
256 512 80 220 7 5
256 512 40 220 6 2
32 512 100 220 6 3
32 256 200 220 5 7
64 256 100 220 7 2
32 512 100 120 6 2
64 512 100 360 6 4
256 512 200 220 6 6
32 128 100 360 8 3
256 512 80 220 6 5
128 256 100 360 5 3
32 512 40 80 4 5
256 512 40 220 6 7
128 256 100 220 5 6
32 256 200 220 6 7
32 256 200 360 5 6
64 512 100 220 3 7
32 256 80 120 3 2
32 256 40 120 3 5
64 128 40 120 5 2
128 512 200 220 6 2
128 512 100 220 4 5
128 512 200 360 7 2
32 512 80 220 5 2
32 64 80 220 7 3
256 512 40 120 3 2
64 512 200 360 5 5
64 512 80 220 5 4
64 256 40 220 8 3
128 512 80 360 4 7
64 128 40 220 4 4
32 64 40 80 7 4
128 256 80 360 4 7
32 256 200 220 3 3
32 256 100 360 3 4
32 128 80 220 6 6
128 256 80 360 3 5
64 512 100 360 5 7
32 512 100 220 5 7
32 512 40 360 7 4
128 256 200 360 7 7
32 256 100 360 3 2
64 512 40 120 5 7
32 256 100 220 7 7
128 512 100 360 4 2
64 128 200 360 8 5
256 512 80 360 7 2
32 64 40 360 7 2
128 512 80 120 5 7
64 256 40 80 5 4
64 256 40 80 8 6
32 256 40 360 3 4
128 256 40 220 5 7
32 512 40 120 4 5
128 512 40 360 7 7
32 256 100 220 8 2
128 256 40 120 3 6
64 256 200 220 6 6
64 256 100 120 6 2
128 256 80 220 7 3
128 256 40 80 6 2
32 256 100 220 3 6
32 256 40 220 7 2
64 256 80 220 4 5
32 64 200 220 3 2
64 256 40 80 4 2
32 256 80 120 6 6
32 128 40 120 6 2
128 256 40 80 4 3
128 256 80 120 8 3
128 512 40 360 6 3
32 256 80 120 6 3
64 128 200 360 5 4
64 128 200 360 3 3
256 512 100 220 4 6
64 512 40 80 7 7
32 128 40 360 8 6
32 512 80 120 6 7
128 512 40 120 8 4
128 512 100 220 6 6
32 512 100 360 5 4
32 256 100 360 4 7
128 512 80 360 4 2
128 512 80 120 7 5
32 512 40 80 7 6
128 256 40 360 5 3
64 256 80 220 7 2
32 256 40 220 3 6
128 256 200 220 5 7
32 512 100 120 7 3
32 512 200 220 5 2
128 512 80 220 6 5
256 512 80 120 7 3
128 256 40 80 3 5
64 512 80 360 8 3
32 128 40 360 7 4
256 512 80 220 8 3
32 256 100 220 7 4
64 128 100 220 6 5
64 256 200 360 8 6
256 512 80 120 5 6
32 512 40 220 3 3
32 512 200 360 5 7
128 512 80 220 3 4
32 64 40 220 3 5
64 256 40 220 8 3
32 64 40 80 4 6
32 128 100 120 5 7
256 512 40 80 6 5
64 128 100 120 6 3
32 64 80 360 4 7
64 128 100 360 7 7
64 256 100 120 7 6
64 256 100 360 5 3
32 64 40 80 3 2
32 256 200 360 8 7
64 512 80 220 5 6
128 512 40 360 5 6
32 64 80 220 4 3
64 512 80 120 6 3
128 512 200 360 3 2
128 512 200 360 4 3
64 128 40 220 8 4
64 256 80 360 4 2
32 64 100 360 7 6
64 256 80 220 6 6
256 512 40 220 8 4
64 128 80 120 6 6
32 256 80 120 7 4
256 512 80 120 6 3
32 64 100 360 6 5
32 512 200 360 4 3
128 512 80 120 6 6
128 512 40 360 7 4
32 256 200 360 7 2
64 128 80 120 8 4
64 512 40 220 4 6
32 512 40 360 7 4
256 512 40 120 4 4
256 512 200 360 6 3
128 256 80 220 4 4
32 256 80 220 3 4
32 512 40 220 6 4
128 256 100 360 5 6
128 256 40 120 3 5
32 64 40 220 8 3
64 256 80 360 5 6
32 64 80 120 5 3
32 512 40 80 8 2
64 256 40 220 6 5
128 256 80 120 5 5
256 512 80 220 3 3
64 256 40 220 7 7
128 256 100 220 3 7
128 256 40 360 8 6
256 512 100 120 5 4
64 512 80 120 8 6
64 128 200 220 8 2
32 128 80 220 6 7
64 256 100 220 3 5
32 256 40 360 8 2
32 64 40 220 5 7
64 128 40 220 8 6
64 256 40 120 3 2
256 512 200 220 8 2
32 256 40 360 8 7
64 128 200 220 3 2
32 64 100 120 8 5
64 128 200 220 7 6
64 256 80 360 6 4
64 256 40 220 4 5
32 64 40 220 8 7
128 256 80 220 3 4
64 256 40 220 5 3
128 256 40 220 5 3
128 512 40 220 6 2
32 64 80 360 3 2
64 512 40 120 7 6
64 512 80 220 8 5
256 512 200 220 7 2
64 128 100 220 8 5
64 128 80 220 4 5
64 128 100 220 6 6
64 256 40 360 6 5
64 128 80 360 4 6
32 64 40 360 3 7
32 128 40 120 3 3
128 256 200 220 8 4
64 128 80 360 8 3
32 256 200 360 3 4
256 512 100 120 5 3
32 256 100 220 7 3
64 256 80 220 3 6
64 128 80 120 4 7
32 256 100 360 8 7
64 256 40 220 8 4
32 64 40 80 4 2
32 512 80 120 3 6
32 512 40 220 5 2
32 128 100 120 6 4
32 64 40 120 3 6
64 128 200 360 6 4
32 64 200 360 6 2
32 256 80 360 8 7
64 256 80 360 4 2
128 512 80 220 5 6
32 128 100 120 3 6
32 64 40 360 6 5
32 128 80 220 8 7
64 128 40 360 8 2
64 256 80 360 5 6
32 256 40 120 4 3
128 512 200 360 6 7
32 256 80 360 7 4
32 256 40 220 8 5
128 512 200 360 8 4
128 256 40 80 8 7
256 512 80 220 8 5
32 128 80 220 3 3
128 512 80 120 4 4
32 512 40 360 6 3
32 64 100 120 8 2
64 128 80 360 8 6
128 256 80 360 4 4
32 256 100 220 7 7
64 128 200 360 8 5
32 128 200 360 3 3
32 256 80 220 7 4
32 64 80 360 8 6
64 128 80 220 7 2
64 256 200 360 6 6
128 512 100 220 7 2
64 128 100 120 6 6
128 512 40 80 5 4
32 64 100 360 6 4
32 256 40 360 3 2
32 64 40 360 6 3
32 512 40 220 3 6
128 512 40 120 7 6
64 512 80 120 5 7
64 256 40 120 4 6
32 128 100 360 8 2
64 128 80 120 5 3
128 256 100 120 3 5
256 512 40 220 7 2
32 512 200 220 6 6
32 256 40 220 6 6
128 256 40 80 4 3
256 512 80 220 8 3
32 256 40 80 7 4
32 128 100 220 6 2
128 512 40 220 5 4
128 512 40 360 6 5
64 512 100 120 4 2
128 512 100 220 4 3
64 256 100 220 5 2
128 512 80 220 7 3
32 64 40 80 8 6
32 256 40 80 3 2
128 512 200 220 3 7
32 128 200 360 3 5
64 128 200 360 6 4
32 128 200 360 6 6
32 512 200 360 8 5
128 256 80 220 5 5
64 128 200 220 4 3
32 128 200 220 3 2
32 128 80 220 6 3
64 512 200 360 3 2
256 512 40 220 6 2
128 512 200 220 5 3
32 512 200 220 4 4
64 256 40 360 5 4
32 128 100 220 5 7
256 512 80 120 8 4
256 512 80 220 8 3
32 64 40 80 8 7
32 256 200 360 3 4
256 512 80 360 8 6
256 512 40 220 6 7
256 512 100 360 7 5
128 512 80 120 7 4
256 512 100 220 7 3
64 128 80 360 8 5
64 128 100 120 5 2
64 128 40 360 7 2
32 64 80 120 7 3
32 512 40 120 4 2
64 512 80 220 4 4
32 512 80 220 5 2
64 256 40 80 7 7
32 256 100 120 8 7
128 256 40 220 4 7
32 128 100 120 4 4
32 512 80 220 4 3
64 512 80 360 3 2
128 256 40 120 7 7
32 256 100 360 7 3
32 128 40 360 3 5
128 256 100 120 4 2
64 128 80 360 6 2
32 256 100 220 7 3
256 512 100 220 3 2
64 128 100 360 8 6
32 64 40 220 3 7
32 128 40 360 7 2
32 512 80 220 3 3
64 256 80 220 6 6
64 256 40 80 6 5
64 256 40 360 5 6
32 256 200 220 4 5
32 256 200 220 7 4
32 64 40 220 7 3
128 512 40 220 7 7
256 512 40 220 7 5
32 256 80 120 5 3
128 512 80 220 8 3
32 256 40 360 6 7
32 128 200 220 8 3
64 256 100 120 7 7
64 512 40 220 4 3
32 64 40 220 3 5
32 64 80 120 4 6
32 512 80 120 4 4
32 128 100 360 8 6
256 512 200 360 8 6
128 512 80 120 5 6
128 512 40 120 7 2
256 512 40 360 5 7
32 128 100 120 3 7
64 512 40 360 8 6
64 512 100 360 7 2
128 512 80 220 4 4
256 512 40 360 5 3
32 256 80 220 5 4
64 256 80 120 3 2
64 128 80 220 3 4
32 256 40 120 3 6
64 512 100 220 6 2
32 128 40 220 4 4
32 512 40 120 6 2
64 128 80 360 7 4
64 128 200 220 8 2
32 128 40 80 3 6
256 512 40 80 4 5
128 512 40 120 7 6
32 64 200 220 3 6
32 512 80 360 7 7
128 512 100 120 7 7
256 512 40 220 8 7
64 512 200 220 6 5
256 512 40 360 4 4
64 128 100 360 3 5
64 128 80 220 5 7
128 512 80 120 4 4
64 256 200 220 5 5
32 256 40 360 7 4
32 128 80 120 8 7
128 512 40 360 8 3
256 512 100 220 3 6
32 128 40 360 7 4
32 64 200 360 7 6
64 256 100 360 5 3
32 64 40 220 7 4
32 128 200 360 7 5
64 256 40 80 6 6
128 512 100 220 3 6
64 128 80 120 4 6
128 256 40 220 7 3
32 256 80 220 6 2
64 256 100 360 5 4
128 512 100 120 3 3
32 64 40 220 8 3
128 256 40 120 7 7
64 512 80 360 4 5
32 512 40 220 8 5
128 256 40 220 4 6
128 512 40 120 8 7
32 256 40 80 4 7
256 512 100 220 5 2
32 128 100 120 8 5
32 256 40 360 4 2
128 512 100 360 8 4
64 128 100 120 6 7
64 256 40 360 6 6
32 512 40 220 7 5
32 256 100 220 4 5
64 512 80 120 4 5
32 64 100 120 5 2
128 256 80 360 6 5
128 512 40 120 8 7
32 256 40 80 6 4
64 256 80 220 4 5
64 512 40 220 8 2
256 512 80 220 7 3
128 512 200 360 3 3
128 512 200 220 5 6
64 128 80 120 6 2
32 512 80 360 7 3
64 512 100 120 3 3
64 256 40 80 5 3
64 256 80 220 5 6
32 128 200 220 8 3
128 512 40 120 5 5
128 512 80 120 4 6
32 256 100 360 6 5
128 512 80 220 4 6
64 256 40 120 6 3
32 64 200 220 5 4
32 512 80 220 3 3
32 256 80 120 5 4
64 512 40 360 5 6
32 512 100 120 5 2
128 512 80 360 8 3
64 128 80 120 4 3
128 256 200 220 6 2
32 128 40 120 8 4
32 128 80 360 6 3
32 128 80 220 5 4
128 512 100 220 7 6
128 512 40 120 8 2
128 256 100 220 7 2
32 512 200 220 8 7
32 64 40 80 5 7
32 128 100 220 6 5
256 512 100 220 5 6
64 512 80 360 5 6
32 512 100 120 4 4
32 256 80 120 7 7
32 64 80 120 4 3
32 64 200 360 3 5
128 512 40 360 6 2
64 512 80 120 6 2
128 256 80 120 6 6
32 256 40 80 7 7
32 512 40 80 5 5
32 128 200 360 4 3
32 128 40 80 8 5
32 64 80 360 8 7
64 256 200 220 4 4
64 128 80 220 3 7
32 64 40 80 3 3
32 128 200 360 8 4
64 256 200 220 5 4
32 256 80 360 5 4
128 512 40 80 6 7
128 256 100 360 4 4
32 64 80 120 5 6
32 128 100 120 5 5
32 128 40 120 5 6
128 512 200 220 6 6
32 128 40 220 6 7
32 512 80 360 4 2
32 128 200 220 6 3
32 256 40 360 7 5
128 256 40 220 3 7
256 512 80 220 7 4
32 128 100 220 7 7
64 512 80 220 5 2
128 256 80 360 7 4
32 128 40 120 4 6
128 512 200 220 6 4
64 128 80 360 7 5
32 512 80 220 4 5
32 256 80 220 6 7
64 128 200 360 7 6
32 512 80 120 3 3
64 128 100 220 8 3
128 512 100 220 3 7
32 128 40 120 6 3
32 512 100 220 6 6
32 128 40 220 6 2
64 512 40 80 8 2
32 64 40 80 6 3
32 128 100 360 8 4
64 256 40 220 5 4
32 64 40 80 4 5
128 512 80 120 5 7
64 256 40 80 8 6
128 512 100 360 7 4
128 512 80 220 4 7
32 128 40 120 3 2
256 512 40 360 6 6
128 256 200 220 3 2
64 512 40 220 4 2
32 512 80 220 6 3
64 256 40 360 8 7
32 128 40 220 7 5
64 128 100 220 7 2
32 512 100 120 5 4
32 512 100 360 3 5
32 128 200 360 7 2
32 256 100 120 5 3
32 256 100 120 5 2
32 64 80 360 6 7
64 512 80 220 5 6
32 128 80 220 3 6
128 256 80 220 8 4
32 128 100 360 3 2
128 256 40 120 6 3
64 512 100 360 3 4
64 256 40 220 4 2
32 512 80 120 4 7
128 256 40 80 3 3
128 256 40 220 8 3
64 512 40 120 8 2
128 512 40 120 5 2
256 512 40 220 8 6
64 128 40 220 4 7
128 256 40 360 8 7
32 128 100 220 7 5
256 512 200 360 7 4
128 256 200 360 7 4
256 512 40 220 5 7
128 512 100 120 5 4
64 512 40 80 8 2
256 512 80 360 8 5
32 512 40 80 7 5
64 256 100 120 3 2
64 512 80 120 7 3
128 256 100 120 3 5
64 256 80 360 7 6
64 256 40 80 8 6
128 512 40 220 7 7
32 256 100 120 8 6
256 512 80 220 4 4
128 256 200 220 6 7
128 512 100 220 7 6
32 256 40 80 5 4
32 256 100 120 3 2
32 64 100 120 6 2
64 256 100 220 5 2
128 256 80 120 7 2
128 256 40 80 7 7
64 512 40 360 8 5
128 256 80 360 6 2
64 256 40 80 7 4
32 256 200 360 4 2
32 64 40 360 5 5
32 512 80 220 5 3
128 256 40 360 3 3
128 512 100 120 6 2
64 512 80 220 6 7
128 512 40 220 8 2
128 512 200 360 4 2
32 256 40 80 8 2
32 128 80 220 8 6
32 64 80 120 8 4
32 512 80 120 3 6
128 512 100 220 4 7
128 256 200 220 3 2
32 128 80 360 8 6
32 64 40 360 3 4
32 64 40 80 7 5
64 128 40 80 3 2
64 256 80 360 8 6
32 64 200 220 4 6
32 512 100 120 3 6
128 512 40 80 7 5
32 256 100 120 7 2
32 64 200 220 3 4
32 128 100 120 5 2
32 256 100 120 7 5
32 512 200 220 6 6
64 128 40 120 3 4
64 512 40 120 7 5
64 128 100 120 4 6
32 64 40 80 4 7
32 128 80 220 6 5
64 256 40 360 8 3
64 256 100 360 3 3
32 512 200 360 6 3
64 256 80 120 4 7
128 256 40 80 8 5
32 512 200 220 6 7
128 256 80 120 6 5
128 256 80 220 8 3
256 512 40 80 8 3
64 128 40 220 4 2
32 256 80 360 4 6
32 256 40 80 3 3
64 512 100 220 7 7
32 128 200 220 6 6
128 256 200 220 8 3
64 128 200 220 7 5
128 512 80 360 4 2
256 512 200 220 5 2
32 64 200 220 8 7
32 256 80 120 4 6
32 256 80 120 3 6
64 128 100 360 8 2
32 256 80 120 7 5
32 64 80 220 6 2
32 256 40 220 8 5
64 128 100 120 4 7
256 512 40 360 6 6
64 512 80 360 6 6
32 64 40 360 5 6
32 256 40 360 6 3
32 64 80 120 4 6
32 256 100 360 8 7
64 128 80 120 8 6
64 128 80 360 7 5
32 512 100 360 3 6
32 64 40 80 3 2
64 128 80 120 8 3
32 512 40 80 5 4
64 512 40 120 7 7
128 512 100 360 6 3
32 512 100 120 6 3
32 64 200 360 3 4
256 512 40 360 5 6
64 256 200 360 7 7
64 128 200 220 6 4
32 512 200 360 3 5
32 512 40 220 4 2
64 256 40 360 5 3
128 512 100 220 3 5
32 256 40 360 5 7
32 256 80 220 4 7
64 256 100 120 4 2
128 512 100 220 5 4
64 128 80 360 7 3
32 512 200 360 5 6
32 256 200 220 7 5
32 512 40 80 6 2
128 512 200 360 8 4
128 512 80 220 4 5
128 256 200 360 5 3
32 512 40 360 6 2
64 512 40 120 8 2
128 256 80 220 8 5
64 256 100 120 6 2
128 256 40 220 7 7
64 512 80 120 4 3
256 512 40 220 3 6
128 256 80 120 7 3
256 512 80 360 4 5
32 256 100 220 7 6
64 512 80 120 8 6
64 512 40 220 6 7
64 512 40 120 6 5
64 128 100 120 4 5
32 256 40 220 5 6
32 256 80 220 7 4
32 128 40 120 3 6
32 128 80 120 8 2
32 64 100 360 5 4
64 128 100 120 5 3
64 512 200 220 5 3
32 512 80 360 4 4
128 256 100 120 4 7
64 256 100 360 6 6
32 256 40 220 7 2
32 512 40 80 5 7
128 256 40 80 8 2
32 256 100 220 8 4
32 256 40 220 8 2
256 512 100 120 6 5
128 512 40 220 8 7
64 256 80 360 7 4
256 512 40 360 6 6
32 512 40 80 7 7
32 128 40 80 8 6
32 256 40 220 4 2
256 512 40 220 3 6
128 256 40 80 6 3
64 128 40 220 6 7
64 256 80 120 8 7
32 256 100 220 4 4
64 128 40 220 3 4
32 64 80 120 8 4
32 256 80 120 8 6
256 512 40 220 5 3
64 256 40 120 5 4
32 64 40 120 8 6
32 64 100 360 7 7
256 512 40 220 5 2
32 64 40 120 6 2
32 256 100 220 6 5
64 256 100 120 3 5
32 256 80 220 4 4
256 512 100 220 4 2
32 512 100 120 3 6
256 512 100 360 8 3
32 128 40 80 3 4
32 128 40 80 4 6
32 256 200 360 6 3
32 256 80 120 3 6
128 512 80 360 8 3
32 512 40 80 5 3
256 512 40 220 4 7
64 128 200 220 5 4
32 64 40 220 6 5
32 256 40 80 5 4
64 256 80 360 3 4
32 256 100 120 8 2
64 512 40 80 6 2
64 256 80 120 5 7
64 128 200 360 6 4
256 512 200 360 8 6
64 512 200 360 3 7
256 512 40 360 3 6
64 128 200 220 4 4
128 256 100 120 7 4
32 128 80 220 4 5
64 512 40 220 6 2
64 512 200 220 5 3
256 512 100 220 8 2
64 512 80 360 3 5
128 256 40 80 5 3
64 128 200 220 8 5
32 64 40 220 8 2
256 512 200 360 4 4
32 256 80 220 7 4
32 256 80 220 8 3
64 256 80 360 8 4
64 512 200 360 3 3
64 256 40 220 3 3
256 512 40 120 3 5
32 256 40 360 5 3
64 512 100 360 4 4
32 512 40 360 4 6
32 128 100 120 4 5
256 512 80 360 8 5
64 128 40 80 6 2
32 256 80 120 8 2
32 512 40 80 7 2
256 512 100 220 6 6
32 128 80 220 5 3
128 512 40 360 4 6
32 64 80 220 3 5
32 512 40 360 7 4
64 512 200 220 5 2
128 512 200 360 6 6
256 512 80 120 3 7
128 512 200 220 7 3
32 256 100 220 7 7
128 512 80 360 3 6
32 64 100 120 8 2
32 256 200 360 7 2
32 128 80 220 6 7
64 256 40 80 8 2
32 128 40 80 3 5
32 128 100 120 3 7
32 128 40 80 3 3
64 256 40 120 7 3
32 64 80 220 3 2
128 512 40 360 8 7
32 512 80 220 3 3
256 512 40 220 4 7
64 128 80 360 8 6
32 256 40 220 4 7
64 512 100 360 8 4
32 512 40 220 5 6
64 512 200 360 4 7
128 256 100 360 3 3
256 512 100 220 4 3
64 512 40 80 3 2
32 512 100 220 8 3
32 256 100 360 6 5
32 128 200 360 4 2
64 512 40 220 4 4
64 256 100 120 4 2
64 256 40 360 6 5
64 512 100 120 7 2
64 128 100 220 4 6
64 512 100 360 5 5
32 128 100 360 5 7
32 64 80 220 4 5
32 512 200 360 7 2
64 512 200 360 3 7
256 512 40 120 6 6
32 512 40 120 5 6
32 256 200 220 5 6
32 64 40 120 4 4
32 128 200 220 7 4
64 128 40 220 7 2
128 256 40 220 7 5
64 512 80 120 4 2
64 128 40 80 6 7
64 256 100 120 3 2
32 128 100 360 5 7
32 256 80 360 4 6
32 256 40 360 3 3
32 64 40 80 3 4
64 256 40 120 3 5
32 128 40 360 5 6
64 128 100 120 8 5
64 256 40 120 4 2
64 128 80 360 7 4
32 256 80 120 8 3
128 512 100 360 8 2
64 512 80 220 6 4
32 512 200 220 4 3
128 256 40 80 7 5
32 64 100 360 8 4
256 512 40 120 6 4
32 128 80 220 7 7
128 256 200 220 7 3
32 64 100 120 4 3
256 512 40 80 4 3
128 512 200 360 3 6
256 512 80 120 4 2
32 128 80 360 3 3
32 256 100 360 5 2
32 512 200 220 7 4
256 512 40 220 8 2
64 512 40 360 5 5
32 64 80 220 5 3
32 256 200 360 6 2
128 512 80 120 4 6
256 512 200 220 7 3
128 512 100 120 3 5
32 512 100 120 7 6
64 256 40 220 3 3
128 512 80 360 5 4
32 64 40 220 5 6
64 128 80 360 7 5
32 512 40 360 3 4
32 128 40 360 7 6
64 128 80 120 3 6
128 512 100 120 6 2
32 128 40 80 8 6
32 64 100 360 8 2
32 256 40 220 5 6
32 512 80 220 3 6
128 512 200 220 5 6
32 64 100 360 4 5
32 128 100 360 6 7
256 512 200 360 8 2
64 256 80 360 4 6
32 256 40 360 3 4
256 512 200 360 5 6
64 256 40 80 7 7
32 128 200 220 7 4
128 512 100 220 7 2
128 256 40 220 8 6
128 512 40 220 3 2
32 512 40 360 7 2
32 128 200 360 4 6
32 512 100 360 3 7
128 512 80 220 8 3
32 256 40 120 3 4
32 128 100 360 6 5
32 256 100 220 5 5
32 128 80 360 8 2
32 512 200 220 7 3
32 128 100 220 6 2
32 512 200 220 4 5
128 512 80 360 5 6
32 512 80 220 7 3
64 256 100 360 3 4
128 512 80 360 5 5
64 128 100 120 4 3
32 128 200 360 7 4
32 256 40 360 8 6
32 128 200 220 6 3
32 64 40 220 4 4
64 256 40 220 6 5
32 128 100 220 6 2
128 256 40 120 8 5
32 256 100 360 7 3
64 128 200 360 5 7
64 512 100 120 7 5
256 512 100 220 7 7
64 512 200 360 4 6
64 512 80 360 8 4
32 256 200 360 8 6
32 256 200 220 5 6
32 256 200 220 6 2
32 512 40 220 8 4
64 256 40 80 6 4
64 128 100 220 3 7
128 256 80 220 6 2
256 512 40 360 4 3
32 256 200 220 4 2
32 256 40 80 3 7
64 128 200 360 5 4
256 512 100 120 7 4
32 256 80 120 4 7
128 256 100 360 7 7
64 512 40 220 7 6
32 256 200 220 5 4
128 512 100 220 4 2
64 256 80 220 4 4
32 64 100 120 7 5
32 64 80 360 4 6
32 64 80 120 3 3
32 128 40 220 5 6
64 512 100 360 3 7
32 512 100 120 4 2
128 256 40 360 3 4
128 512 40 220 6 3
64 512 40 220 8 5
32 512 100 360 8 3
256 512 80 360 5 2
32 64 40 120 6 7
32 64 200 220 5 7
32 128 80 120 6 4
64 128 40 360 3 3
128 512 80 220 7 3
32 256 40 80 6 5
64 128 100 220 5 3
128 256 40 220 7 6
32 128 100 360 6 7
32 512 40 120 3 3
32 512 40 220 7 4
64 128 200 220 7 7
32 64 100 360 4 5
256 512 100 360 8 6
128 256 40 220 6 3
32 512 100 360 7 6
64 128 40 120 8 2
256 512 40 120 5 3
32 64 40 120 7 3
32 64 100 220 8 4
64 512 80 120 5 4
64 128 40 80 6 4
64 512 100 360 7 6
256 512 80 360 7 2
64 256 40 120 4 4
128 512 80 360 5 5
64 128 200 220 6 5
32 256 40 80 3 7
64 128 40 80 8 3
32 256 40 80 3 3
64 256 40 80 4 6
256 512 40 220 4 6
64 256 40 120 8 7
32 64 40 120 3 5
32 128 80 220 7 3
128 256 80 220 3 7
128 512 40 80 8 3
64 512 80 360 8 6
32 512 40 360 4 5
128 256 100 120 8 3
32 256 100 360 8 4
32 512 200 220 6 2
32 256 40 220 4 7
128 512 100 220 3 3
256 512 80 360 8 7
64 128 40 220 6 2
64 512 200 360 3 2
128 512 80 120 4 6
256 512 80 220 3 6
64 128 100 360 7 5
32 64 200 220 3 2
64 512 200 220 7 5
128 256 40 120 4 2
32 512 40 220 4 5
64 512 40 220 7 3
128 256 100 220 8 3
32 256 200 220 4 4
64 128 40 220 6 4
128 512 200 360 8 3
32 128 200 360 4 5
64 512 80 360 8 7
128 256 40 120 3 2
32 128 100 360 8 4
32 512 200 220 5 4
64 512 40 80 7 2
32 64 40 120 5 5
64 512 80 360 3 3
64 256 80 120 8 4
256 512 100 120 8 6
64 256 100 360 4 7
64 512 80 220 8 7
64 128 40 220 6 3
64 512 40 220 8 6
32 256 80 120 8 6
32 256 80 360 5 4
32 256 40 120 6 4
64 256 40 80 5 6
32 512 100 360 3 6
64 512 100 360 5 6
32 512 40 360 4 5
32 512 80 220 5 2
64 128 40 220 5 3
64 256 200 360 4 3
64 512 40 120 4 6
32 128 200 220 4 6
64 512 40 360 7 7
256 512 40 80 6 5
64 128 40 80 3 5
128 512 40 80 5 7
64 512 40 360 8 7
256 512 40 80 3 3
32 128 40 360 5 2
64 256 40 220 4 5
256 512 100 120 6 7
64 256 100 120 4 7
128 512 40 80 5 3
64 128 100 120 4 2
32 128 80 120 3 7
32 512 200 360 5 7
128 512 40 360 6 6
128 256 100 120 4 3
256 512 40 220 7 4
64 512 80 220 4 4
64 128 100 220 5 5
32 128 80 220 4 6
64 128 100 120 7 6
256 512 100 220 8 6
32 512 200 220 3 6
64 512 80 120 5 7
64 512 80 220 4 5
32 128 100 120 8 7
128 256 100 120 3 7
32 512 200 360 8 7
64 512 40 80 8 4
32 512 40 80 6 3
64 256 80 120 5 6
32 64 40 120 3 6
64 256 80 120 3 3
128 512 40 360 7 3
128 512 80 120 4 6
64 512 100 120 4 4
128 256 40 360 6 7
32 256 100 220 7 5
64 128 200 220 4 6
128 512 80 360 8 6
128 256 80 360 6 7
32 64 40 360 8 7
64 128 40 80 4 7
32 128 80 120 5 3
64 512 200 360 7 5
64 128 80 360 5 3
64 128 100 220 3 2
32 64 100 220 4 5
32 512 80 120 3 7
64 256 100 120 4 6
128 256 200 220 4 3
32 64 200 220 6 3
64 512 80 220 3 5
64 512 200 360 4 2
128 256 100 220 4 7
32 64 40 220 8 5
32 512 80 360 4 2
32 512 100 120 3 6
128 512 200 360 8 5
128 256 100 120 8 6
32 512 200 220 6 7
64 128 40 360 5 7
64 512 40 360 8 2
32 128 80 120 5 3
64 512 80 120 4 3
64 512 80 120 6 3
64 512 40 360 6 5
256 512 40 360 6 5
128 512 40 120 6 6
32 512 100 360 8 2
128 256 40 220 3 7
32 128 100 120 4 3
32 128 100 360 7 4
64 128 80 360 7 3
64 256 100 220 6 6
64 256 100 220 5 4
32 256 100 360 7 4
128 512 80 360 5 6
128 256 200 220 8 5
32 512 40 120 7 2
128 512 40 80 3 4
128 256 80 220 4 7
64 256 40 360 6 6
32 512 80 360 7 7
64 128 40 360 3 3
256 512 80 360 3 2
32 256 100 120 5 4
128 256 200 220 3 7
32 128 40 120 6 5
64 512 100 220 3 7
32 256 40 220 3 2
128 512 80 360 7 5
32 512 200 220 3 3
32 512 40 80 8 4
32 128 200 360 8 6
128 256 200 220 7 3
32 512 80 120 7 7
64 512 200 220 8 3
32 64 200 220 7 7
256 512 40 220 6 5
128 512 100 220 4 5
128 256 200 220 3 7
32 64 80 360 5 4
32 64 80 120 8 2
32 128 40 360 6 5
32 128 80 120 4 3
128 512 100 120 3 5
128 512 200 220 6 2
128 256 200 220 6 3
256 512 40 120 5 7
64 512 100 120 5 7
128 256 80 120 6 5
32 128 80 120 5 2
32 512 40 360 4 6
32 256 100 120 4 3
256 512 80 220 8 3
128 512 40 220 7 3
32 64 40 220 4 4
64 128 40 220 5 6
128 256 80 120 5 5
64 128 80 360 4 3
32 64 80 120 5 3
128 256 40 80 5 7
256 512 100 220 4 3
32 256 80 360 6 2
256 512 100 120 3 7
256 512 80 360 5 6
64 256 200 360 4 4
64 256 40 80 7 4
32 512 40 360 4 2
32 64 40 220 7 7
64 128 80 120 6 4
32 256 40 220 8 2
32 512 100 220 3 2
32 64 40 80 4 4
32 512 200 220 6 6
64 512 40 120 8 5
32 512 40 220 6 7
64 128 200 220 5 3
32 256 80 360 3 2
256 512 200 360 7 6
32 256 40 220 8 6
128 256 80 360 5 4
32 64 80 360 6 7
64 512 40 120 4 5
32 128 80 220 5 5
128 256 100 120 4 2
32 256 80 120 4 4
32 128 200 220 4 2
64 256 40 120 3 5
128 256 80 360 7 4
256 512 80 360 4 3
32 128 80 120 5 4
32 128 80 120 5 6
256 512 80 220 3 3
32 64 40 360 4 7
128 256 100 360 8 6
32 128 100 360 4 4
128 256 80 120 4 5
128 256 100 220 6 6
64 512 40 80 4 2
32 256 100 360 3 4
64 512 80 220 8 4
128 256 200 360 7 5
32 128 100 220 6 5
64 512 100 220 8 5
32 64 100 120 6 4
64 512 200 220 5 4
64 256 40 120 3 5
128 256 40 220 4 3
32 64 80 360 7 7
64 512 40 80 7 2
64 128 100 220 6 6
32 256 40 360 5 7
128 512 100 120 3 7
32 512 200 220 7 7
32 64 200 360 3 6
32 512 40 120 6 7
32 256 40 120 5 7
32 64 200 220 4 2
64 128 100 360 3 4
64 128 80 120 5 4
32 512 40 220 6 6
256 512 100 360 3 6
256 512 100 360 3 3
256 512 40 80 8 2
32 256 40 80 3 7
32 128 100 360 6 6
128 512 80 360 5 7
32 128 80 120 6 7
32 512 80 220 6 5
32 512 200 360 6 6
128 512 40 220 8 7
64 128 40 220 7 5
32 128 80 360 5 2
32 512 40 220 3 7
32 512 200 220 3 5
64 512 80 360 6 6
128 256 40 80 7 2
128 256 100 220 6 2
64 256 200 360 5 6
32 128 40 220 3 6
64 256 100 360 8 2
32 128 80 120 4 2
32 256 80 220 4 2
64 512 100 220 8 4
64 512 100 120 7 4
64 512 40 360 3 7
128 512 100 120 7 4
32 128 100 120 3 4
256 512 80 360 6 3
32 512 40 80 5 4
128 512 100 220 5 4
128 512 40 80 3 6
32 128 200 360 4 4
32 256 100 360 4 4
32 128 100 220 8 5
64 512 40 80 5 5
32 512 40 80 4 6
32 64 200 360 4 7
256 512 40 120 7 2
64 128 80 360 8 2
128 512 200 360 3 6
32 512 40 120 4 7
32 128 200 360 4 3
64 256 40 120 8 4
32 256 80 120 6 5
32 128 200 360 5 5
32 64 40 80 8 2
64 512 100 360 5 6
256 512 40 360 3 7
64 128 40 220 5 7
64 512 40 80 3 6
64 256 40 360 5 6
32 512 80 120 6 7
128 256 80 360 4 7
32 128 80 220 8 5
64 128 40 360 4 6
32 64 40 360 3 3
128 256 100 120 3 5
128 512 40 220 8 7
256 512 80 360 8 7
64 128 200 220 3 4
128 512 80 220 8 4
32 64 100 360 7 5
64 256 40 220 5 6
256 512 100 360 5 7
32 256 100 220 4 3
128 256 40 360 8 6
256 512 40 80 6 4
64 512 200 360 7 6
64 128 80 220 7 2
32 128 80 120 5 2
128 256 40 360 8 3
64 512 200 220 3 3
64 512 100 220 8 6
128 256 200 360 8 4
32 256 200 220 7 6
32 512 80 120 3 7
32 256 100 360 6 7
64 256 100 220 6 4
128 256 40 120 4 2
32 128 40 80 3 2
32 512 80 360 3 4
64 128 80 220 5 7
32 128 80 120 8 5
128 512 100 120 4 6
32 256 200 220 3 3
32 64 40 360 3 3
128 512 100 360 7 3
32 512 100 360 5 7
128 512 40 360 5 5
128 256 200 360 7 7
64 512 100 360 5 2
32 128 200 360 3 3
64 128 80 120 3 4
256 512 40 360 3 7
64 256 80 220 6 4
64 512 100 120 8 5
128 512 200 360 3 3
32 256 200 220 3 3
32 128 200 220 6 7
64 128 100 220 7 7
32 512 80 360 4 2
32 256 100 120 3 3
256 512 200 220 3 4
32 256 40 120 8 4
64 256 80 360 7 6
128 256 100 120 3 2
32 512 40 360 4 4
32 128 200 220 4 6
64 256 100 360 8 6
128 256 80 120 8 3
128 256 100 120 3 6
256 512 100 220 3 2
128 512 200 360 6 3
64 512 80 120 3 6
256 512 40 360 3 6
64 256 200 220 3 6
64 128 200 360 4 6
256 512 200 220 6 6
32 128 80 360 5 7
32 128 100 120 8 4
64 512 40 80 8 7
128 256 40 360 7 5
32 128 100 120 4 6
32 64 100 220 6 7
32 256 80 120 5 4
256 512 40 220 8 7
256 512 100 120 7 3
32 512 40 120 3 6
32 256 80 360 3 7
32 64 100 360 8 2
128 256 200 220 8 6
64 256 100 120 3 6
128 256 100 360 3 7
32 128 200 220 6 6
128 512 80 120 7 2
32 64 80 120 5 6
256 512 200 360 3 6
128 256 100 220 3 2
64 256 40 220 6 6
64 256 40 80 8 7
64 512 100 360 5 7
256 512 80 120 8 4
256 512 80 120 5 7
32 512 40 80 8 3
32 256 80 220 3 6
32 256 40 120 5 6
32 64 100 220 3 7
128 512 80 220 4 5
32 128 100 360 3 5
64 512 80 220 6 6
32 512 100 360 7 5
32 64 100 220 3 7
128 512 80 120 8 7
64 512 100 220 3 3
64 512 100 360 7 6
32 64 40 360 4 5
256 512 40 360 6 5
128 256 100 120 6 4
32 256 40 120 8 4
32 128 200 360 7 7
32 128 100 360 5 7
64 128 80 220 6 6
64 128 200 360 5 3
256 512 40 80 5 2
128 256 40 80 3 4
32 128 40 80 5 2
128 512 40 120 5 3
128 256 200 220 3 6
32 128 80 360 4 5
128 256 40 120 3 7
128 256 80 120 5 6
32 128 40 360 4 5
32 128 100 220 5 4
64 256 100 360 7 5
64 256 100 360 8 4
256 512 80 220 8 2
64 512 100 120 4 4
32 64 40 120 5 7
64 128 200 220 3 5
64 512 80 360 5 7
256 512 100 220 4 3
32 128 80 220 5 5
32 512 80 360 5 7
256 512 200 220 6 7
32 128 200 360 6 5
64 512 100 360 4 3
64 128 200 360 6 2
64 512 200 360 5 5
32 64 80 220 7 3
32 256 100 220 7 5
64 512 80 220 5 6
64 128 80 360 5 4
64 128 200 220 5 7
32 512 80 360 6 7
32 128 40 120 4 7
64 512 40 220 3 5
32 256 40 360 5 5
32 256 100 360 5 2
64 256 200 220 5 7
64 512 80 220 5 3
64 128 80 220 8 6
128 512 100 220 8 3
128 256 100 360 4 2
128 256 40 80 4 6
128 512 40 220 7 6
32 128 80 120 8 5
256 512 40 360 4 5
256 512 200 360 3 7
128 256 40 120 5 6
32 64 40 220 7 2
32 128 100 120 4 6
64 128 40 220 4 7
32 64 200 220 4 5
64 256 80 360 5 4
64 512 80 220 7 4
256 512 80 220 8 4
128 512 40 220 8 2
64 512 40 120 4 5
256 512 80 220 8 2
64 128 200 220 6 5
256 512 40 80 8 7
64 256 80 360 6 4
256 512 40 120 8 6
256 512 40 80 6 5
32 512 100 220 5 3
32 256 100 220 3 5
32 512 100 220 6 3
256 512 40 360 3 5
128 512 40 120 5 4
128 256 200 360 5 2
32 128 200 360 5 6
128 512 80 220 3 7
64 128 200 360 7 5
128 512 100 220 3 6
32 512 200 220 7 2
128 512 40 220 4 7
64 512 80 120 8 4
32 64 80 220 5 2
64 512 100 360 3 2
32 512 200 220 4 2
128 512 100 120 3 2
64 256 100 360 5 3
32 128 200 220 5 6
128 512 40 120 4 4
32 64 40 80 3 6
128 512 200 220 5 7
32 64 100 120 6 7
128 512 200 220 6 6
256 512 100 220 5 3
64 512 200 360 4 4
32 128 80 220 6 3
256 512 100 360 5 3
128 512 100 220 3 5
128 256 40 360 8 2
32 64 100 120 6 5
32 512 80 220 6 3
256 512 100 120 3 6
32 512 200 220 5 5
256 512 80 120 4 4
64 256 40 120 8 5
64 512 100 360 5 5
64 256 40 360 8 4
32 128 100 120 3 5
64 128 40 360 8 4
256 512 200 360 3 2
64 512 200 360 6 4
64 512 80 360 7 3
128 512 100 220 7 2
64 128 40 120 7 2
32 64 80 360 7 7
128 256 40 360 7 3
128 512 100 360 8 2
32 512 40 80 3 7
64 256 80 360 3 3
256 512 40 80 8 5
64 128 100 360 7 2
32 256 100 360 6 6
32 512 100 360 8 2
256 512 80 120 8 4
32 128 40 80 3 3
32 128 100 120 6 3
32 256 200 220 4 2
32 512 80 220 4 5
64 512 40 360 7 4
64 128 80 220 8 3
32 512 200 220 8 7
64 128 200 220 8 5
32 128 200 220 6 3
128 256 100 360 5 2
32 128 200 220 8 3
256 512 200 360 6 4
32 256 40 360 4 4
32 64 40 360 8 4
32 256 80 120 6 3
64 128 200 360 6 3
32 256 80 120 8 3
32 64 100 360 5 6
128 256 80 220 5 5
32 256 200 220 8 5
128 512 80 120 3 3
32 64 100 220 5 2
32 64 200 220 6 2
32 128 40 80 8 3
32 256 100 360 5 7
64 256 100 360 4 4
32 256 40 120 5 7
32 128 80 360 7 6
32 128 80 120 7 3
32 512 100 220 4 2
32 256 100 220 8 4
32 512 40 80 4 5
64 256 200 360 6 5
128 512 100 360 8 2
32 64 100 360 8 3
32 512 200 220 3 6
64 256 100 360 5 3
256 512 200 360 3 5
64 512 80 360 6 4
32 128 40 360 3 7
32 256 80 360 7 6
32 256 200 220 3 2
128 256 200 220 8 4
256 512 40 80 6 5
64 128 100 360 3 7
256 512 100 120 4 4
128 512 80 220 5 7
128 256 80 220 4 4
64 512 100 120 5 7
32 512 40 360 7 3
128 256 200 220 7 7
128 256 100 360 8 5
64 256 100 120 3 3
128 256 100 220 7 4
32 256 100 220 8 3
64 128 80 360 7 3
64 256 80 360 6 6
32 64 100 360 8 5
32 256 200 360 7 5
32 256 100 360 3 5
64 256 40 120 7 4
64 256 80 120 5 4
64 256 40 80 4 7
64 256 40 80 7 7
64 512 80 120 4 2
256 512 40 80 5 5
256 512 100 220 5 4
64 128 40 80 6 4
64 128 80 220 7 5
128 256 200 360 7 2
32 256 200 360 6 4
32 512 40 80 6 7
32 64 40 360 3 5
128 256 100 120 6 3
64 256 200 360 3 4
64 512 40 220 4 4
64 512 40 220 5 5
128 512 200 360 6 7
32 256 200 360 8 6
64 256 40 80 7 7
128 512 80 220 3 4
64 128 100 220 3 3
64 128 200 360 4 7
32 512 40 120 5 3
64 128 40 360 5 4
32 512 100 120 4 2
128 512 40 220 5 3
32 128 100 120 5 2
64 128 80 120 5 7
64 256 40 360 8 3
64 128 80 360 5 3
32 256 40 220 7 6
32 256 100 120 5 2
32 256 80 120 7 6
256 512 200 220 5 6
32 512 200 360 3 3
64 128 40 80 4 4
64 128 200 220 8 4
32 256 80 220 5 2
128 256 80 120 3 7
32 512 100 120 8 7
128 256 100 220 5 5
64 256 40 80 5 6
64 512 100 360 6 7
128 256 80 360 4 5
32 64 100 120 4 5
256 512 100 220 6 6
32 64 80 220 3 7
128 512 200 360 5 7
32 64 40 120 8 7
64 512 100 120 6 5
128 512 40 80 3 3
64 256 40 120 6 6
128 512 100 360 5 5
64 256 40 80 7 7
32 256 40 120 5 2
128 512 200 220 3 3
32 512 100 360 6 6
128 256 100 220 3 2
64 256 40 120 8 6
32 64 40 80 6 5
128 512 40 360 5 6
32 512 200 220 4 7
32 256 200 220 7 7
32 128 100 360 8 4
64 512 40 80 6 5
32 512 40 360 4 5
64 128 40 360 4 7
64 256 40 220 5 7
32 512 100 220 3 4
64 512 40 120 3 2
32 128 80 220 7 4
64 256 100 120 3 3
32 512 40 80 3 2
128 256 100 360 3 3
32 128 100 120 5 6
32 64 100 220 8 3
64 512 40 120 8 6
32 64 200 360 4 3
32 256 100 120 5 7
32 256 100 120 3 6
128 256 100 220 3 5
256 512 80 120 3 6
32 64 40 220 7 4
32 512 40 80 7 5
128 512 200 220 8 5
64 256 100 120 4 7
64 128 40 360 6 2
32 64 40 220 8 5
32 256 100 220 7 5
64 256 80 220 5 4
64 256 40 80 4 7
128 256 40 360 3 3
32 512 80 120 3 5
32 512 100 360 6 6
32 512 40 360 6 5
128 256 200 360 3 3
64 512 40 80 3 2
256 512 40 220 5 5
64 512 80 120 3 7
64 512 100 220 3 2
128 256 200 360 7 6
128 256 100 360 7 2
64 512 100 120 7 6
64 256 40 120 6 3
32 128 100 220 3 2
32 512 100 220 8 2
256 512 40 120 4 2
64 256 200 360 8 3
128 256 100 360 3 7
128 256 40 220 3 2
64 512 100 220 5 4
64 128 80 220 4 6
128 512 40 120 3 2
64 512 200 360 6 4
32 64 200 360 3 2
32 256 100 360 6 2
64 256 200 220 3 5
32 512 80 120 3 3
32 64 200 360 5 6
32 64 100 360 5 6
256 512 40 80 6 5
32 128 200 220 6 4
128 256 100 120 4 2
64 256 40 220 5 4
32 128 80 120 7 7
32 256 200 220 7 7
128 512 100 120 6 7
32 128 40 120 5 6
128 256 100 360 8 5
32 512 40 120 7 5
64 512 40 80 6 6
128 256 80 220 8 3
128 512 40 360 3 3
64 128 100 220 5 2
64 512 80 360 6 3
32 512 80 220 4 2
128 256 100 220 4 4
32 64 40 360 3 6
32 128 40 220 7 2
64 512 100 360 7 6
64 512 40 120 8 7
128 256 80 120 8 5
64 512 100 220 5 4
128 512 40 120 4 7
32 512 80 220 5 4
64 128 80 360 6 3
64 128 80 220 6 5
64 512 80 220 3 2
256 512 100 120 8 6
32 64 200 220 5 4
256 512 100 220 3 3
128 512 40 80 7 2
64 512 80 220 4 5
64 256 40 120 3 6
64 512 40 120 8 4
64 256 100 220 5 5
32 64 80 360 7 7
64 128 40 120 8 7
32 128 40 360 5 3
64 512 200 360 4 4
256 512 200 220 4 3
128 256 200 360 4 3
32 256 200 360 4 6
32 256 80 220 8 3
32 512 100 220 3 2
128 512 40 120 7 6
64 128 80 120 7 6
32 64 200 220 6 5
32 512 100 120 4 2
32 512 40 360 8 2
128 256 80 360 5 6
128 512 80 360 6 2
32 256 200 220 3 2
128 256 40 360 3 3
64 512 80 220 4 3
128 512 40 80 7 4
128 256 40 80 7 3
128 512 200 220 4 5
64 128 200 220 5 3
128 512 100 120 4 7
128 256 80 120 4 7
32 64 100 360 4 3
64 256 100 120 7 6
32 512 40 220 5 6
32 128 80 220 3 5
64 128 40 220 7 6
128 256 200 360 5 5
64 256 200 360 5 5
32 128 80 220 6 6
64 128 80 360 3 4
32 64 200 360 4 2
32 256 100 120 3 3
128 256 80 220 7 4
32 128 40 220 3 7
