4000 2 0
10240 1800
32 128 200 300 6 3
16 256 40 200 3 2
128 256 40 300 4 5
128 512 80 120 7 2
64 256 40 120 7 4
32 256 40 80 5 7
32 64 80 120 7 6
16 64 100 200 5 4
128 512 100 120 7 6
64 256 100 120 3 7
32 128 40 120 3 6
16 128 40 80 3 5
64 512 80 120 5 6
64 512 80 200 7 4
16 64 80 120 8 6
64 256 80 200 4 2
32 512 40 120 5 6
16 64 80 300 4 3
64 512 40 120 4 3
128 256 80 120 3 2
64 512 40 200 7 3
16 256 40 80 6 5
32 128 40 200 8 5
64 128 80 200 3 3
32 64 100 120 6 6
64 128 100 200 3 3
16 256 80 120 4 6
32 128 100 300 4 6
16 256 100 200 5 5
32 128 100 120 4 6
16 512 40 80 4 3
64 128 40 80 3 2
32 128 40 300 8 6
128 512 100 200 6 6
64 128 40 300 6 4
64 256 200 300 3 4
16 512 40 120 8 2
16 64 40 120 5 4
16 512 80 120 5 2
64 256 40 80 7 5
16 64 40 120 7 2
128 512 40 80 4 5
32 128 100 120 4 3
16 512 80 200 5 3
128 256 80 200 6 4
16 256 100 120 7 4
16 512 40 80 3 4
32 64 40 300 3 3
128 256 80 300 6 3
16 128 100 120 3 3
64 256 200 300 8 4
16 512 80 120 6 7
64 256 80 300 6 4
32 256 100 200 3 5
64 512 80 200 5 6
128 512 80 200 3 2
128 256 40 120 5 2
32 256 40 200 7 6
128 256 200 300 4 4
32 128 40 120 6 3
32 64 100 300 8 4
16 512 80 200 4 6
128 256 80 300 5 4
64 512 100 300 7 6
16 64 40 300 4 4
16 512 200 300 6 3
64 128 80 200 7 5
64 256 100 120 7 7
32 128 40 300 5 5
16 256 80 120 4 2
16 64 80 300 6 5
32 256 200 300 6 5
128 256 40 200 3 4
64 128 80 200 3 6
32 128 40 300 5 7
32 64 80 200 7 6
32 256 80 300 4 2
16 512 40 300 7 6
16 64 80 120 6 2
64 512 100 200 5 3
16 128 40 80 3 5
32 128 40 120 3 6
16 256 40 120 5 2
32 256 80 120 3 7
32 64 80 200 6 2
128 256 40 200 8 7
128 256 100 200 6 2
16 64 40 120 6 2
128 512 40 200 3 4
32 64 40 120 3 3
16 128 80 300 4 3
16 512 40 80 8 2
32 128 100 200 8 3
32 128 100 200 8 3
64 128 80 300 5 6
32 128 40 80 4 7
64 512 40 80 5 7
16 64 100 120 4 7
64 512 100 120 3 2
32 256 40 200 7 5
16 128 40 120 6 5
32 64 100 120 8 5
32 128 100 200 8 3
16 512 100 300 3 6
128 512 40 120 5 2
128 512 100 300 6 4
16 64 100 300 4 3
16 128 40 80 8 6
32 128 40 300 7 3
64 128 100 300 7 2
32 64 100 300 4 4
32 64 100 300 4 7
16 256 100 300 4 6
64 256 80 300 3 6
64 256 40 80 6 6
32 512 80 300 5 3
64 256 100 200 7 7
128 512 200 300 3 4
32 512 40 200 4 3
16 128 80 200 8 5
32 64 100 120 6 6
128 256 100 120 3 7
16 128 100 120 3 2
32 128 40 200 8 5
32 512 100 200 8 6
32 512 80 120 5 2
16 64 100 120 6 7
128 512 40 80 7 2
64 512 40 200 8 3
16 512 80 300 5 2
16 128 200 300 4 5
32 128 100 200 7 6
16 128 40 200 5 3
16 128 40 80 4 3
32 64 40 300 4 5
16 128 200 300 5 6
64 256 80 300 8 3
64 256 100 200 3 6
16 128 40 200 5 3
64 128 40 200 5 4
32 256 80 200 3 7
128 256 80 120 6 6
64 512 100 200 3 3
64 512 80 120 5 3
32 128 40 120 5 4
128 256 100 200 4 5
64 128 40 300 5 7
16 256 40 300 4 4
128 256 200 300 7 5
16 256 100 300 8 6
16 256 80 300 8 2
16 128 100 120 8 7
128 512 80 300 8 4
16 256 80 120 6 5
64 256 40 300 3 4
64 256 100 120 8 3
64 256 100 200 6 7
64 128 40 120 6 7
32 512 80 200 4 3
64 128 40 80 8 7
16 128 40 300 8 6
16 256 80 120 4 3
32 256 100 200 6 4
32 256 80 200 7 7
32 128 100 300 5 3
16 64 100 120 7 6
32 64 40 200 3 4
16 256 200 300 6 7
32 128 100 300 4 3
16 512 100 200 7 3
128 256 80 120 5 5
64 512 40 80 5 4
32 64 40 80 3 6
16 512 80 120 6 7
64 256 40 120 3 3
32 64 40 300 3 5
32 64 40 80 8 6
64 512 80 300 7 6
16 512 100 120 7 2
32 512 40 120 4 4
64 512 40 80 4 5
16 256 80 200 7 4
16 128 100 120 8 7
32 64 40 80 4 3
16 512 40 120 6 6
64 512 40 200 6 7
16 256 100 120 4 6
32 512 80 300 4 5
16 256 40 120 8 5
32 64 200 300 3 2
32 512 200 300 3 2
64 512 100 200 5 7
16 64 100 120 5 5
16 256 80 300 6 6
16 64 100 300 8 2
128 512 80 200 6 2
16 256 80 120 7 3
32 512 80 300 5 7
16 256 100 200 4 5
64 256 40 300 4 2
128 512 100 200 8 4
64 256 100 120 3 7
32 128 80 200 3 6
32 128 100 300 5 6
16 256 80 120 6 3
128 256 100 200 3 2
32 64 200 300 5 5
32 512 40 80 7 2
16 256 40 120 7 4
64 128 100 200 5 7
32 512 100 120 3 2
32 128 100 200 6 3
16 256 100 300 4 4
32 256 100 120 6 4
64 512 40 120 5 2
32 512 100 120 5 6
16 128 40 80 7 4
64 128 80 200 8 5
32 128 40 120 3 2
32 256 100 300 6 4
32 512 40 80 8 6
32 64 100 200 4 2
32 512 80 200 8 2
64 512 40 200 6 2
16 512 40 200 4 3
64 256 40 80 4 4
64 512 80 120 6 2
32 128 40 120 6 3
128 256 200 300 7 4
32 128 80 200 7 5
64 128 40 120 7 3
64 512 80 300 3 6
16 128 200 300 8 7
128 512 40 120 3 6
32 64 100 120 7 2
32 256 100 200 3 4
64 512 100 120 6 7
16 256 200 300 8 6
128 512 80 120 3 6
32 512 40 120 5 5
16 128 100 300 6 7
16 64 100 200 7 6
16 64 80 200 7 5
16 512 100 120 7 4
16 128 100 200 7 5
128 512 40 80 5 2
64 256 100 300 8 6
32 64 40 200 3 5
64 512 100 200 4 6
128 512 40 200 4 3
32 512 100 300 3 5
64 128 100 300 8 7
32 64 100 120 5 2
32 256 40 200 4 6
64 512 200 300 8 3
32 256 100 120 3 2
64 128 100 120 6 3
32 64 100 300 5 3
64 128 80 300 8 6
32 64 40 80 4 7
32 64 100 300 3 4
32 512 100 120 7 3
16 128 100 300 8 4
16 64 100 120 5 5
32 128 40 80 5 3
16 512 80 300 6 7
64 256 40 300 4 6
32 512 80 120 7 2
32 128 80 300 6 7
16 128 100 120 6 7
16 256 40 80 4 2
16 512 200 300 5 2
16 64 100 200 7 5
128 512 40 120 7 7
128 256 200 300 7 2
64 256 80 120 8 6
64 512 40 120 4 3
64 512 40 120 4 4
32 512 40 80 8 5
16 256 200 300 7 3
128 256 80 300 6 2
16 128 80 200 7 2
64 128 80 200 3 3
128 512 100 200 7 7
64 256 40 300 4 2
64 128 40 120 4 5
16 128 80 300 6 7
64 128 80 200 7 4
64 512 40 120 5 6
32 256 200 300 3 5
32 128 40 80 8 3
64 128 80 300 5 5
128 256 40 200 3 2
32 256 40 120 8 3
32 512 80 200 5 3
128 256 200 300 6 5
16 512 100 300 4 6
128 512 40 80 7 3
128 256 100 120 8 7
64 256 80 200 6 5
128 256 40 120 7 4
32 128 80 120 3 2
64 256 40 200 8 2
64 128 200 300 3 5
64 256 40 300 3 6
128 256 100 200 7 7
64 512 100 120 5 2
32 512 40 300 5 4
16 512 100 200 4 4
64 512 80 200 5 3
32 128 100 200 7 2
128 512 200 300 8 4
32 512 40 300 4 2
128 256 80 300 6 7
128 256 80 120 8 4
128 512 40 120 8 2
32 512 40 300 8 2
16 512 80 200 3 7
32 512 80 120 8 7
64 256 200 300 8 3
32 128 40 120 4 6
32 256 40 200 3 7
64 512 40 200 3 7
16 256 40 300 3 4
32 256 40 80 3 2
32 512 200 300 6 2
16 512 100 120 4 6
32 128 40 300 5 2
16 256 100 300 8 7
32 256 80 300 3 2
64 256 100 120 7 3
16 256 40 80 5 2
128 512 40 120 4 2
128 256 40 80 6 4
128 256 100 200 8 3
16 128 100 200 7 4
32 256 40 200 4 2
32 64 40 300 7 7
32 512 40 80 5 5
64 512 100 120 7 2
128 512 40 120 5 3
16 128 40 120 6 2
128 512 40 200 6 2
64 512 40 200 6 2
16 128 100 120 7 6
16 256 40 80 8 4
64 512 100 120 5 3
128 256 40 120 4 5
64 128 40 300 7 3
64 512 100 200 5 6
16 512 80 200 3 5
16 256 80 120 8 7
32 512 40 120 8 6
64 512 40 200 6 4
32 64 40 80 8 2
64 512 100 300 7 3
32 64 100 300 8 6
128 256 40 300 5 6
64 512 100 120 6 7
64 512 80 200 5 2
32 64 40 80 6 7
16 256 80 200 3 7
128 512 200 300 5 3
128 256 80 200 6 7
32 512 40 300 8 7
64 512 80 300 7 6
16 256 80 120 4 4
128 512 40 120 6 7
32 256 80 200 7 5
128 512 80 300 3 5
16 512 80 200 8 2
32 128 100 200 6 3
32 256 100 200 4 7
16 512 40 80 4 5
16 256 200 300 7 5
128 512 40 80 3 6
64 256 40 300 5 5
128 256 100 200 6 3
32 512 80 120 3 6
16 512 40 120 4 7
16 128 100 200 4 7
32 128 80 120 3 6
16 128 200 300 4 2
64 128 40 80 8 3
128 256 100 300 6 2
16 512 200 300 4 5
32 128 100 120 3 5
16 512 40 80 6 7
16 128 100 200 4 7
32 512 40 120 6 7
128 256 40 200 6 6
32 128 100 120 6 4
64 256 100 200 8 5
16 128 80 120 4 5
64 512 80 120 7 3
64 256 100 120 7 5
32 256 100 300 5 7
32 256 80 120 4 3
64 128 100 200 4 5
64 256 100 120 6 6
32 512 100 300 3 6
32 512 80 200 8 3
16 256 80 200 5 2
64 512 40 80 8 5
64 512 100 300 5 3
16 512 100 200 3 4
16 256 80 300 3 2
64 256 100 300 5 6
64 128 40 200 8 7
128 512 100 300 6 3
16 256 40 200 5 4
16 256 100 120 4 3
32 256 40 120 7 3
128 512 40 80 7 2
16 128 100 300 3 3
64 512 40 80 7 3
32 64 80 300 7 7
32 128 100 200 8 5
16 64 200 300 3 2
32 64 80 120 5 2
16 128 100 120 7 7
16 256 40 200 7 6
128 512 100 300 8 6
32 256 100 200 5 6
32 256 40 200 3 6
32 128 80 200 6 6
32 256 40 120 7 5
16 512 40 120 8 6
16 128 40 120 7 7
128 512 80 200 7 4
16 512 40 300 3 2
64 256 100 200 7 4
64 512 100 200 7 3
32 128 80 200 6 3
16 256 40 200 3 2
32 64 40 300 4 7
32 64 40 120 8 6
64 128 100 200 4 7
16 512 40 200 7 2
64 256 80 120 7 4
16 512 40 80 7 5
16 64 80 200 7 6
64 256 40 200 8 2
16 128 100 120 4 2
16 512 40 200 3 5
16 256 40 120 6 3
64 128 40 80 6 6
64 128 100 300 4 7
32 64 40 120 6 3
64 512 80 200 5 4
128 512 100 300 7 3
64 512 40 300 8 3
16 256 80 120 8 6
32 128 40 200 4 5
128 256 80 120 4 3
16 256 80 300 5 4
32 256 200 300 4 5
128 256 100 200 8 6
64 512 40 120 3 7
16 512 80 120 5 3
128 256 200 300 6 4
16 512 40 80 8 4
32 256 100 300 8 4
16 512 40 80 3 5
64 512 40 80 5 6
16 128 80 120 4 3
16 256 40 120 6 2
16 256 80 200 5 4
32 256 80 300 5 5
32 128 40 300 5 2
32 512 40 80 3 7
16 128 40 120 6 6
32 256 100 300 7 6
32 64 40 80 5 5
32 256 40 80 6 7
32 64 80 200 5 3
32 128 100 200 5 3
128 256 80 300 8 5
16 64 100 300 8 4
128 512 40 300 5 6
16 64 40 80 4 2
64 512 80 300 6 4
16 64 80 300 6 7
16 256 40 80 3 7
128 256 40 300 5 5
64 128 80 300 4 6
16 512 80 120 8 4
32 256 100 300 7 5
128 256 80 120 3 5
32 64 100 200 7 3
32 64 40 80 3 6
32 128 40 300 3 4
32 64 40 200 5 2
64 128 40 120 6 3
64 256 40 200 5 4
128 256 100 120 3 6
128 512 200 300 5 3
64 512 100 120 8 6
128 512 100 300 7 4
32 64 80 300 5 7
32 64 40 300 4 2
16 256 100 200 3 5
128 256 200 300 8 6
128 256 80 200 7 3
64 128 100 120 4 5
32 256 80 200 7 3
16 64 40 300 6 4
16 64 40 80 4 2
64 512 80 120 5 3
16 64 100 300 6 4
128 256 40 80 3 3
64 128 40 80 3 2
64 128 40 200 8 3
32 256 100 300 4 2
128 256 100 300 3 4
16 512 80 120 5 6
16 64 40 80 3 3
32 64 40 200 8 2
64 256 100 120 3 2
128 256 100 300 5 7
32 512 40 120 5 2
64 512 200 300 3 3
64 128 100 300 6 3
128 256 40 120 8 3
64 512 100 200 8 2
64 128 100 200 8 6
128 512 100 300 4 2
32 256 80 120 4 2
64 512 200 300 5 3
64 512 80 300 4 3
64 128 40 300 3 7
64 256 80 120 7 6
32 256 100 200 6 3
128 256 200 300 6 7
16 128 40 200 7 6
128 256 200 300 5 7
16 64 80 200 7 5
128 256 40 300 8 6
64 512 40 120 4 5
32 512 200 300 8 6
16 128 80 300 3 6
32 256 80 120 7 7
32 128 100 200 8 7
16 256 40 80 4 5
64 256 80 300 4 3
64 256 100 120 6 5
128 256 100 200 8 6
128 256 100 200 5 4
128 512 80 300 6 5
128 512 80 120 3 7
32 128 100 200 7 4
32 128 100 120 7 6
32 256 200 300 6 2
16 128 100 120 7 6
16 128 80 120 8 6
64 512 40 300 8 5
16 128 100 300 6 4
16 512 80 120 6 3
32 128 200 300 6 2
128 256 200 300 6 2
128 512 100 120 8 7
16 128 80 300 4 3
16 128 80 120 6 5
16 128 40 120 6 5
32 128 100 300 7 7
64 256 40 300 3 5
16 512 100 300 6 4
16 256 40 80 4 4
16 256 40 120 5 7
64 256 100 120 8 7
128 512 80 200 5 6
32 512 100 300 8 7
128 256 200 300 8 7
64 256 80 120 7 5
16 512 100 200 7 7
32 64 200 300 7 5
16 128 200 300 7 4
32 64 100 120 6 2
16 64 100 120 6 3
64 256 100 200 7 3
32 256 80 200 7 4
16 128 100 120 8 2
64 128 40 300 8 6
32 128 80 200 5 2
32 128 80 200 3 6
16 64 40 200 4 2
32 512 100 200 4 5
128 512 100 300 4 7
64 128 40 200 5 2
64 128 40 80 5 5
64 128 40 80 6 5
16 512 80 120 5 3
64 512 100 120 5 6
32 256 80 300 7 2
32 128 100 200 6 6
32 512 100 200 3 6
64 512 80 200 3 6
64 512 80 120 7 2
128 512 200 300 7 3
128 256 100 120 4 7
32 128 80 120 5 2
128 256 80 300 4 2
16 64 100 200 6 2
32 512 40 80 4 5
16 128 40 300 6 7
64 128 80 120 8 6
32 64 80 200 8 7
128 256 80 120 8 7
64 128 80 200 7 2
16 128 100 200 6 5
32 256 40 300 4 5
64 512 100 300 8 6
128 256 40 120 5 3
128 512 100 120 6 3
16 128 40 120 5 5
128 256 80 300 6 6
64 512 100 120 3 5
16 64 80 200 5 7
16 64 100 300 6 4
64 512 80 120 8 4
128 256 80 300 6 5
32 128 200 300 8 2
16 128 80 200 5 4
64 512 40 300 5 7
64 256 80 200 6 6
16 512 40 80 8 6
16 256 100 120 6 5
16 128 100 120 8 5
16 64 40 200 6 7
16 128 80 120 7 4
32 64 40 300 7 2
16 256 100 120 5 2
64 256 100 200 4 7
32 128 40 120 6 5
16 512 80 300 7 4
32 128 40 300 6 5
64 256 80 120 7 4
64 256 40 120 3 6
64 512 80 300 8 3
16 512 100 200 3 3
16 128 80 300 4 7
64 256 100 120 7 6
64 512 80 200 7 2
32 64 80 300 5 3
16 256 80 120 4 6
32 256 80 300 5 7
16 64 100 200 6 4
32 256 40 80 3 2
32 64 80 200 3 4
16 256 40 300 3 5
64 512 80 300 8 4
64 512 80 300 7 4
32 512 80 300 7 6
64 256 100 120 6 7
32 512 100 300 4 3
64 128 200 300 5 4
32 128 100 300 7 2
64 128 40 200 5 2
64 128 100 120 5 2
16 64 40 300 6 3
16 512 80 120 3 4
32 128 40 200 4 7
32 512 40 200 6 2
16 256 40 300 7 7
128 512 100 300 5 4
64 128 100 200 5 6
64 256 200 300 3 5
128 512 40 300 3 7
64 128 80 300 7 3
32 512 40 120 3 6
32 64 200 300 7 4
16 256 80 200 8 3
32 512 80 120 3 4
32 256 100 200 6 5
32 512 200 300 5 4
16 64 100 120 6 3
128 256 80 120 3 6
16 512 80 200 7 7
64 512 40 120 5 7
32 256 80 200 7 7
128 512 100 300 8 3
64 128 80 120 6 5
32 128 40 80 6 5
16 512 40 200 8 3
16 128 40 200 3 4
64 128 100 200 3 6
16 64 100 120 3 6
16 512 40 120 7 5
32 256 40 80 8 3
64 256 100 120 8 4
32 128 100 120 8 4
32 256 100 120 3 4
16 512 80 120 8 6
32 256 80 200 4 6
32 256 40 80 6 2
32 512 80 120 4 6
32 256 100 200 7 4
16 512 40 120 3 5
32 128 40 120 6 6
32 128 80 200 3 3
32 128 40 300 6 7
32 256 100 120 7 7
16 256 40 300 4 6
32 64 40 200 7 4
64 128 100 200 5 3
16 64 40 80 8 6
32 64 100 120 8 2
32 64 200 300 4 2
32 256 100 300 8 2
64 512 80 120 4 4
16 128 40 200 5 7
16 64 80 120 6 2
32 64 80 120 3 4
16 256 40 300 8 3
32 256 40 120 8 6
32 128 80 120 5 4
32 64 100 200 5 2
128 256 40 300 3 4
64 256 40 200 5 4
32 256 100 120 5 4
32 256 80 200 4 2
64 256 100 200 8 2
32 512 100 120 3 6
16 512 80 200 8 6
32 256 40 80 3 7
32 128 100 300 7 2
128 256 40 80 7 2
64 256 100 120 6 7
16 256 40 300 6 4
128 512 40 200 7 3
64 256 200 300 5 2
32 64 80 300 4 5
32 512 40 120 6 4
16 64 80 300 7 6
32 512 100 200 4 2
128 256 100 120 4 3
16 64 100 200 8 6
16 256 80 200 7 2
64 128 200 300 6 4
128 512 80 300 5 7
16 256 100 200 3 7
32 128 40 200 4 6
128 512 40 200 6 2
64 512 100 300 3 5
16 128 80 300 7 4
16 128 100 300 5 2
128 512 40 120 7 7
64 128 100 200 4 2
16 512 200 300 7 2
32 256 40 80 5 7
32 256 80 200 5 4
32 128 200 300 7 4
32 256 40 300 6 2
64 128 100 200 4 4
32 128 40 200 7 7
16 512 40 80 6 6
16 256 40 300 6 7
16 64 100 300 8 7
64 256 40 120 3 3
16 512 80 120 4 4
128 512 80 200 8 2
32 64 40 120 3 2
64 256 80 300 6 2
32 512 40 200 4 3
32 128 100 120 3 7
32 128 40 80 6 6
128 512 200 300 6 3
32 256 40 300 8 3
64 512 80 120 5 5
16 128 80 300 7 5
64 256 80 300 3 3
32 256 100 120 7 2
64 512 100 120 7 3
16 64 80 200 7 3
16 128 40 120 6 6
16 512 100 300 8 3
128 256 40 200 6 6
64 256 80 120 8 4
16 64 100 200 3 2
32 64 40 300 3 3
64 128 80 200 3 2
64 256 100 200 6 6
64 256 80 120 5 5
64 128 80 200 6 2
16 256 100 120 7 4
64 128 80 300 5 7
64 512 40 80 6 4
128 512 80 120 3 6
16 64 80 120 8 2
32 256 200 300 7 7
32 128 40 300 8 3
64 512 80 120 4 3
16 512 40 80 4 7
16 64 40 200 5 2
64 256 40 300 4 4
16 512 40 300 4 5
32 128 100 200 8 2
64 256 100 120 6 5
32 128 100 300 4 3
32 128 40 300 8 3
16 128 100 300 7 3
32 512 200 300 4 3
128 256 80 300 6 5
16 64 100 200 7 4
64 128 200 300 5 7
64 256 40 80 8 4
64 128 40 300 4 2
32 64 100 300 6 6
32 128 80 200 3 3
128 512 80 120 4 3
64 128 80 120 7 6
16 128 80 300 7 3
128 512 40 300 8 3
32 128 40 80 4 7
64 512 40 200 8 5
64 256 100 200 4 6
32 64 40 80 3 5
64 256 80 200 6 7
32 128 100 120 7 6
128 512 80 300 8 4
32 128 80 300 4 6
16 128 80 200 6 3
16 512 40 80 4 7
64 512 40 300 3 4
16 128 40 300 3 3
16 128 40 120 3 2
64 512 80 120 5 4
16 128 100 120 8 7
64 512 40 300 7 6
32 256 80 200 7 4
64 512 200 300 3 5
32 64 40 200 3 4
128 256 100 300 3 2
128 256 40 200 7 6
128 512 80 300 5 6
32 256 40 80 7 7
128 256 40 80 3 7
64 256 40 120 4 2
128 256 100 300 6 6
128 256 80 300 5 6
32 256 80 120 6 6
32 64 80 200 8 6
16 128 40 80 5 4
16 128 80 120 3 5
32 256 100 300 6 6
64 128 100 120 7 3
16 64 40 120 8 7
128 256 200 300 6 6
16 64 200 300 3 2
32 512 80 120 3 3
32 128 40 80 5 3
64 128 100 200 3 2
32 256 40 120 7 6
16 128 40 200 7 5
32 256 40 300 6 6
32 64 40 300 7 4
64 512 200 300 4 4
128 512 40 120 4 7
16 512 40 120 5 6
16 128 100 300 8 4
16 64 80 200 7 4
128 256 40 300 3 6
16 256 80 120 3 6
16 128 40 300 3 4
64 128 40 200 3 4
128 512 40 300 4 4
16 256 40 300 7 5
32 512 40 120 6 4
128 512 80 200 8 7
16 64 40 200 4 6
64 512 100 200 3 3
64 128 100 120 8 6
64 256 80 120 8 5
16 64 40 80 8 5
32 128 100 200 4 6
64 512 80 120 7 7
16 256 100 300 7 5
32 512 100 300 7 3
32 256 200 300 7 6
64 512 40 200 6 4
32 128 100 120 6 4
32 256 40 120 7 7
16 256 80 300 7 3
128 256 80 300 8 7
64 256 40 80 3 7
64 128 40 80 4 4
64 512 40 200 5 4
16 64 40 300 3 7
32 64 200 300 3 7
128 512 40 300 7 2
32 256 100 120 6 3
64 256 40 200 4 6
16 256 40 120 5 2
16 64 80 120 5 3
32 128 200 300 4 6
32 64 40 300 4 2
64 128 40 120 4 3
16 512 100 300 7 7
16 256 80 300 7 6
16 64 40 120 7 7
16 512 40 300 7 3
128 512 80 300 7 4
16 64 40 200 5 6
16 128 80 300 4 2
32 128 100 120 5 3
16 512 80 300 5 4
16 512 100 300 4 3
64 128 40 200 4 3
32 512 200 300 8 5
64 512 80 200 4 6
64 128 200 300 7 4
64 256 200 300 4 4
128 256 200 300 6 2
16 512 100 300 5 2
64 256 100 300 6 5
32 256 80 200 4 5
32 512 40 300 5 2
32 64 40 200 3 4
16 64 200 300 8 7
16 64 40 300 5 4
128 512 100 120 6 3
16 512 100 200 5 5
128 256 200 300 5 6
32 256 100 120 6 4
64 128 80 300 6 4
16 512 40 300 7 5
32 512 40 120 7 6
32 512 80 200 6 4
16 256 80 120 6 4
16 64 100 200 4 7
16 64 80 200 6 4
32 512 80 200 6 5
128 512 40 80 7 2
64 128 80 200 4 7
16 64 40 300 6 6
64 128 80 300 3 6
64 128 40 300 8 6
32 256 100 300 7 7
128 512 200 300 3 4
32 64 40 80 4 7
64 512 40 300 8 5
16 256 40 120 7 2
16 64 100 120 8 2
32 64 40 120 4 4
64 128 80 120 5 7
64 512 100 300 7 7
64 256 200 300 3 2
128 256 40 120 8 5
64 128 100 300 7 4
32 512 200 300 7 4
32 128 40 200 7 5
16 256 40 300 4 2
32 256 100 200 5 6
128 256 80 300 8 3
32 256 100 200 7 6
32 512 40 200 6 7
32 128 100 200 4 7
32 128 100 120 8 4
32 256 80 300 6 3
64 256 80 300 6 6
32 512 80 200 7 3
32 128 80 120 5 2
16 512 80 120 4 5
32 64 80 120 7 2
16 256 40 200 3 7
16 512 80 200 4 5
16 256 100 120 3 7
32 64 40 200 4 2
32 128 40 120 4 7
16 64 40 80 5 6
16 128 80 120 4 3
32 256 100 300 6 5
32 128 200 300 7 5
32 256 80 300 8 5
64 128 80 200 8 5
64 128 100 300 3 2
64 512 80 200 5 4
32 512 40 120 3 5
64 512 100 300 6 7
32 128 100 300 8 5
64 512 200 300 7 7
32 256 40 80 7 3
64 256 40 200 8 7
32 128 40 80 7 6
32 256 100 120 7 6
32 128 80 300 3 4
32 512 100 120 8 5
16 512 100 120 8 5
16 64 200 300 5 7
32 256 80 300 7 4
32 256 40 300 4 5
16 256 80 300 3 4
64 128 80 300 5 2
64 128 40 300 8 6
64 512 100 300 6 7
32 64 40 80 3 6
16 128 80 200 6 7
32 128 40 200 3 6
32 64 80 300 5 3
16 512 80 200 7 4
32 256 40 120 6 6
64 128 100 120 8 3
16 512 40 120 3 3
32 256 100 120 4 7
64 256 40 200 5 6
128 256 40 80 6 6
64 128 80 120 3 7
16 128 40 120 3 3
64 512 80 120 7 7
128 512 40 120 4 7
128 512 80 120 5 4
16 256 100 200 7 3
16 512 100 120 4 3
32 128 40 300 5 3
16 512 100 120 3 2
32 256 40 300 8 5
16 64 40 120 7 6
128 256 100 200 6 4
32 256 100 200 3 5
32 128 40 120 4 2
16 512 40 300 5 3
16 512 80 300 4 7
64 128 80 120 6 5
64 128 40 80 5 7
32 64 40 200 4 6
16 128 80 300 7 4
16 128 80 120 3 7
64 512 40 120 5 2
32 64 200 300 4 6
16 128 100 300 4 7
32 64 100 200 4 4
32 256 80 120 5 4
64 256 100 120 7 7
16 256 100 200 4 7
16 512 80 120 6 6
64 256 100 120 5 4
16 128 200 300 5 2
16 256 80 300 8 3
128 256 200 300 8 6
32 128 100 300 6 2
128 512 40 300 6 4
16 128 100 300 4 2
32 512 100 300 7 5
32 256 40 200 7 7
16 64 40 80 8 4
64 128 100 200 7 3
16 64 40 120 8 2
32 128 100 200 5 2
128 512 40 120 7 2
16 512 40 80 8 6
32 64 200 300 3 5
128 256 80 300 8 4
128 256 80 300 4 3
128 512 80 300 6 2
32 256 100 200 6 3
128 512 100 200 5 2
16 64 40 120 6 4
64 512 100 120 4 6
128 256 40 80 8 5
128 512 80 200 3 2
16 64 200 300 8 6
64 128 80 300 6 6
32 512 40 80 4 2
16 128 40 80 6 2
16 512 100 200 4 2
128 256 200 300 7 5
128 256 80 120 7 6
16 64 80 300 5 6
16 64 100 200 3 4
16 512 40 80 8 2
64 128 40 300 7 2
64 512 100 300 7 3
16 128 80 300 5 3
128 512 40 300 8 3
16 512 80 120 8 7
64 128 40 120 8 7
64 512 100 300 4 5
16 512 40 120 3 7
64 256 100 200 5 2
32 512 80 300 5 7
32 256 100 120 4 7
16 64 100 300 4 2
64 512 100 120 6 5
32 256 100 300 3 2
32 64 80 200 3 2
128 512 40 300 3 6
16 256 100 200 7 3
16 256 100 300 5 5
128 256 80 300 8 6
32 64 100 200 5 7
64 512 80 120 4 4
64 256 40 80 4 3
16 64 200 300 4 6
64 256 40 120 3 5
16 512 40 120 4 7
32 128 40 80 3 7
32 512 200 300 7 6
16 64 100 200 4 2
32 512 40 80 3 6
128 512 200 300 8 2
16 512 80 200 6 5
32 128 40 300 8 5
64 256 80 120 3 7
32 128 100 120 8 4
16 256 80 120 3 6
16 256 100 120 3 3
16 128 100 120 6 6
16 64 80 120 5 5
32 128 100 200 7 3
16 128 40 120 4 4
16 64 100 120 4 6
32 128 200 300 5 5
16 512 40 200 5 4
16 64 80 120 4 6
64 256 80 120 8 4
16 512 40 120 6 5
64 128 100 300 5 3
128 512 40 120 7 2
16 512 40 80 5 6
16 512 80 200 8 7
32 256 100 120 3 7
128 512 100 300 6 2
32 256 40 80 6 3
16 256 200 300 7 7
32 256 200 300 4 6
128 512 40 120 5 3
16 128 80 200 8 6
32 256 40 80 4 6
64 256 40 80 8 3
32 512 80 200 7 5
16 128 80 200 6 7
16 64 100 120 8 4
16 512 80 300 5 4
32 128 80 300 6 3
16 256 40 300 8 2
128 512 80 120 4 3
16 256 80 300 4 4
32 128 40 200 6 3
64 128 80 200 8 4
32 512 40 80 5 5
32 64 80 300 5 2
64 128 40 200 4 4
32 512 100 300 8 2
32 512 80 200 4 3
16 256 100 200 7 3
32 64 40 120 5 7
16 256 80 300 4 4
16 128 80 300 6 3
64 512 100 200 3 5
64 128 80 120 6 2
32 512 40 80 5 6
64 256 40 200 7 7
32 128 40 80 3 2
32 256 80 120 5 2
32 64 40 80 4 7
16 256 200 300 8 4
64 256 200 300 8 5
64 512 100 120 6 6
128 256 40 300 3 3
32 512 40 200 7 2
32 64 40 80 4 2
64 128 80 300 6 6
32 64 40 80 7 7
16 128 40 200 7 2
32 512 80 300 6 5
16 64 40 120 7 4
64 256 80 120 5 5
32 64 40 300 4 7
16 128 40 80 3 3
64 512 40 120 7 7
128 256 100 120 4 5
64 512 40 120 4 6
128 512 80 300 4 3
64 256 100 120 7 4
64 512 100 200 6 4
16 512 40 300 8 6
32 512 100 200 6 5
16 256 200 300 3 4
32 64 40 80 8 7
128 512 40 300 4 5
16 512 40 120 3 6
16 512 80 120 8 7
64 256 100 120 4 2
16 512 40 300 3 5
16 256 40 200 3 6
32 512 100 300 3 7
16 64 80 200 6 4
32 256 200 300 3 2
16 128 100 120 7 3
16 512 100 200 5 5
32 256 40 200 6 3
16 256 80 300 8 5
64 512 100 300 6 3
64 512 80 300 6 4
64 256 40 200 5 4
64 256 80 120 3 2
64 256 80 200 5 3
32 256 40 80 6 3
32 256 80 120 4 6
32 128 200 300 4 6
64 256 100 300 5 5
32 512 100 120 7 2
16 128 40 120 3 2
32 128 40 120 6 4
128 512 40 300 5 6
32 512 100 120 4 4
128 256 80 300 6 2
32 256 200 300 8 2
64 512 40 120 3 5
32 256 80 200 5 4
128 256 100 200 8 3
64 256 100 200 5 7
128 512 80 200 3 5
16 64 80 120 4 2
16 512 40 200 4 6
64 256 80 120 3 7
64 512 40 300 7 5
16 64 40 200 8 6
128 256 100 200 6 7
16 512 100 300 3 5
32 64 100 200 3 6
64 256 40 200 7 7
64 256 40 120 7 4
128 512 40 80 8 7
64 512 100 300 3 3
32 512 40 120 3 5
16 128 100 120 8 6
16 512 40 80 7 4
64 512 100 120 4 2
32 512 40 80 6 2
32 512 80 120 6 2
64 128 100 200 8 7
16 256 80 120 8 5
32 64 80 200 6 4
64 512 40 300 3 7
32 128 200 300 3 5
32 64 100 200 8 3
32 128 100 200 7 5
16 64 100 200 6 3
64 128 40 200 5 6
32 512 100 300 6 2
32 256 80 300 3 3
16 128 100 300 4 5
128 256 80 300 8 7
32 512 80 200 6 4
32 256 100 120 3 3
16 64 40 300 8 6
32 128 40 300 3 7
16 512 40 200 5 2
128 256 100 200 8 7
16 64 40 120 4 4
64 512 100 120 7 3
64 512 80 200 7 5
64 512 100 200 3 2
32 256 40 300 3 7
128 256 40 200 5 2
16 64 40 200 5 3
16 256 100 300 5 3
16 64 100 120 4 6
16 512 80 300 4 2
32 512 100 120 3 6
32 64 80 200 3 6
64 256 40 300 8 4
128 256 40 300 4 4
64 512 100 120 7 6
32 256 200 300 3 5
128 512 40 80 5 7
16 128 80 300 6 2
16 512 100 120 3 5
64 256 40 80 4 2
64 256 40 120 8 5
32 256 100 300 5 2
16 128 100 300 3 7
64 128 80 120 4 6
64 256 80 200 5 5
16 64 40 120 5 7
32 128 100 120 7 3
16 128 100 120 5 7
16 256 80 300 7 2
128 256 40 120 8 4
16 128 80 200 8 7
64 256 80 200 8 3
32 64 100 120 6 3
16 512 40 300 7 4
16 256 200 300 3 4
32 128 40 120 4 2
16 64 40 200 3 7
128 512 40 300 6 7
16 64 40 200 4 5
64 256 80 120 6 7
64 128 80 120 6 7
32 512 40 300 8 7
32 256 40 80 5 6
128 256 100 120 5 7
128 512 80 120 8 2
16 64 100 120 6 6
16 64 100 200 7 5
64 128 40 300 5 2
16 128 100 300 8 2
16 128 40 300 6 7
32 128 40 200 4 2
32 256 100 300 7 4
16 512 100 120 4 7
128 512 200 300 3 4
16 512 80 120 8 3
16 64 100 300 3 7
32 512 40 300 8 2
32 64 80 120 4 4
128 512 40 200 4 5
64 512 80 120 4 6
16 128 100 120 6 3
16 256 40 300 7 7
64 256 200 300 3 2
64 256 200 300 5 6
64 512 40 120 3 2
128 256 40 80 3 3
16 64 40 300 7 6
128 512 40 80 8 2
32 256 40 200 7 5
16 256 80 300 4 5
16 128 200 300 6 3
64 128 80 300 7 2
32 128 100 200 7 3
32 512 200 300 6 2
32 256 40 80 7 6
64 512 40 120 6 3
16 128 100 200 6 5
16 64 40 300 7 7
32 128 80 200 5 6
128 512 40 200 6 4
128 256 100 300 8 2
128 512 40 80 7 5
16 64 80 300 3 5
128 256 200 300 7 3
64 128 80 120 8 5
16 128 40 300 4 5
64 512 100 300 6 4
64 128 200 300 5 4
32 512 80 300 8 7
32 256 100 300 5 6
16 256 40 80 7 5
32 512 40 120 7 2
16 64 100 120 3 7
32 256 100 120 5 3
128 256 40 300 8 3
32 256 200 300 3 7
64 256 100 120 3 6
128 512 80 120 7 6
32 64 200 300 6 3
128 256 40 80 3 7
64 256 100 200 8 3
64 512 200 300 3 2
32 256 40 120 6 6
32 512 40 120 6 6
128 512 40 200 4 7
64 512 80 120 8 3
64 512 80 200 8 5
32 64 80 300 8 5
32 64 80 200 3 4
16 128 100 200 5 2
128 256 40 300 5 6
16 512 80 120 8 2
128 512 40 300 8 4
64 128 80 200 6 2
16 512 80 300 5 4
32 128 40 200 7 6
32 256 80 120 5 4
128 256 40 120 6 5
16 512 40 80 4 5
16 64 80 300 5 4
32 512 200 300 7 6
32 512 40 300 7 2
16 256 100 200 8 3
32 256 200 300 5 4
64 512 80 120 8 4
16 128 200 300 8 5
16 256 80 120 3 6
128 256 100 200 4 6
32 512 100 300 6 7
16 64 40 120 5 6
32 256 100 120 8 4
32 256 40 80 4 4
16 256 100 300 5 4
64 512 80 120 4 4
16 512 100 200 6 6
32 128 40 120 4 7
32 128 100 200 6 6
16 512 200 300 7 3
16 128 100 120 7 3
32 256 100 120 3 3
64 512 80 200 3 4
16 256 200 300 4 3
32 128 40 200 3 7
64 256 40 300 7 2
128 512 100 200 8 6
16 128 100 200 4 5
16 64 100 120 5 3
64 256 80 300 5 5
64 512 100 300 6 5
64 512 80 300 4 5
128 512 100 300 8 3
128 256 80 200 7 3
32 256 100 200 4 6
32 512 200 300 8 5
64 256 200 300 8 2
32 256 80 120 5 7
32 128 40 80 4 7
32 256 40 80 7 5
64 256 40 120 7 6
64 256 40 120 3 4
64 256 100 300 5 5
64 512 40 200 7 5
128 256 200 300 6 2
32 64 40 200 3 2
128 256 80 300 7 3
16 512 80 200 3 3
32 512 100 200 6 3
16 64 80 200 7 5
16 64 40 80 3 5
32 128 40 300 6 6
32 512 100 200 8 7
16 64 100 200 6 6
64 128 100 300 6 6
32 512 80 120 7 6
32 64 40 200 8 7
16 256 80 120 8 6
16 64 80 120 4 4
64 256 40 80 3 3
32 256 100 120 8 6
32 128 40 200 8 6
16 128 80 120 8 7
64 128 200 300 6 6
64 128 40 120 6 6
16 128 40 300 4 5
32 256 40 80 8 6
16 128 40 80 3 6
16 64 40 120 8 6
32 512 200 300 7 7
128 256 40 120 8 7
16 128 100 120 4 7
64 128 40 80 8 6
64 128 100 200 8 4
16 512 40 120 3 5
64 256 40 120 5 2
32 512 100 200 5 3
64 256 80 120 7 3
16 64 40 300 8 5
16 128 80 120 3 2
16 512 200 300 4 2
32 64 40 120 3 4
32 256 40 80 7 7
128 512 100 200 3 3
64 128 40 200 4 3
64 512 100 300 5 5
32 64 40 120 6 6
32 128 40 120 4 3
16 64 100 300 7 2
16 128 40 200 4 7
16 256 200 300 5 7
64 256 100 200 7 5
128 256 80 300 7 2
64 512 100 200 5 7
128 512 100 300 4 4
64 128 40 300 3 2
128 256 100 300 7 5
16 64 80 300 3 4
32 256 40 120 6 7
16 64 100 300 7 7
32 256 40 120 6 3
64 128 80 300 4 6
32 64 100 200 7 6
16 512 100 200 7 3
16 128 200 300 7 2
32 128 40 120 8 4
32 128 40 120 7 5
16 64 100 200 6 2
16 256 80 200 6 2
32 256 40 200 5 6
32 256 40 200 6 3
32 512 80 200 3 2
64 128 40 80 6 6
128 256 40 80 6 2
64 512 100 200 7 6
32 256 100 300 3 3
16 64 40 80 3 5
32 256 80 120 4 3
32 512 80 300 7 3
32 128 80 200 6 3
64 128 100 300 3 2
16 512 100 120 7 5
64 128 40 200 5 5
32 64 40 80 4 4
32 256 80 200 7 5
32 512 100 200 8 4
16 256 80 300 3 6
32 256 40 120 7 6
16 128 200 300 6 3
64 128 100 300 7 7
32 256 80 120 4 6
128 256 80 200 3 6
16 256 40 300 3 3
64 256 80 300 7 7
32 256 40 120 4 4
128 512 40 200 6 5
32 256 40 80 5 5
16 256 200 300 6 6
32 256 100 300 8 3
32 512 200 300 5 5
32 128 40 80 3 6
16 512 100 120 3 5
32 256 40 200 4 2
16 512 40 200 4 2
128 256 100 300 4 7
32 512 40 200 5 6
64 128 40 80 7 5
128 256 80 120 4 4
16 128 40 200 4 5
16 64 40 120 3 7
16 256 40 80 8 4
16 64 40 300 3 6
32 128 80 120 7 5
16 64 40 300 6 2
128 256 80 200 6 4
16 512 40 80 6 6
16 512 80 200 4 3
128 512 80 300 4 4
128 256 40 300 7 6
16 512 40 300 4 6
32 64 40 200 4 7
16 512 80 120 7 3
16 64 80 300 6 4
16 128 200 300 5 4
16 128 80 120 7 3
32 64 200 300 6 3
32 512 80 120 8 4
32 64 200 300 7 4
32 64 80 200 6 2
128 512 40 300 8 6
16 512 100 120 4 4
16 512 80 200 4 7
16 256 100 120 6 3
16 256 40 200 4 7
16 64 40 300 6 7
32 64 100 120 4 7
16 256 200 300 7 4
64 512 100 200 4 6
16 128 200 300 7 6
32 64 100 120 6 7
64 128 40 120 5 4
32 256 40 120 6 5
32 64 40 120 4 5
32 256 40 200 6 2
64 128 40 120 7 4
16 128 80 200 5 6
16 256 40 80 7 6
32 64 100 300 3 6
64 512 200 300 6 3
64 256 100 200 5 2
128 256 100 200 8 6
16 64 80 120 8 3
128 256 40 200 4 6
32 64 40 120 6 6
16 128 40 200 8 7
128 512 80 300 4 3
32 512 80 120 4 6
32 256 80 120 4 5
32 256 100 300 4 2
64 256 80 200 8 3
64 512 100 300 6 6
64 256 100 200 4 4
16 128 80 200 8 7
64 512 40 300 3 3
128 256 40 200 8 6
16 64 100 120 5 7
64 512 100 120 6 6
32 256 40 300 5 7
64 256 40 80 3 6
64 128 100 300 3 2
16 512 80 120 6 3
64 256 200 300 6 5
64 512 200 300 5 5
64 512 80 300 7 7
16 256 40 120 6 4
16 64 80 200 4 4
64 512 100 120 3 3
64 512 40 120 4 4
128 256 80 300 8 3
32 64 100 300 6 7
16 256 80 300 4 3
64 256 40 200 7 4
64 256 40 300 6 6
32 256 200 300 4 7
16 128 200 300 7 3
128 512 100 120 8 2
16 64 40 200 3 3
16 256 40 80 3 2
64 256 80 200 6 5
16 256 40 200 3 6
128 256 80 200 7 3
128 512 100 120 7 4
16 128 40 200 4 6
16 128 200 300 7 2
128 512 200 300 4 5
16 128 40 200 3 5
32 256 40 300 7 4
32 512 40 300 3 4
32 512 200 300 6 4
128 512 100 200 3 2
32 64 200 300 5 2
32 512 200 300 5 2
128 256 40 200 3 2
128 256 100 200 7 6
16 128 200 300 6 6
32 128 80 200 3 6
32 64 80 200 8 3
128 256 80 200 5 6
32 128 40 80 6 4
64 128 80 120 3 6
32 512 80 200 6 2
64 256 80 120 4 5
64 512 100 300 6 6
16 512 80 300 4 7
32 256 200 300 7 3
64 256 80 200 4 6
64 512 40 120 3 4
64 128 40 80 4 6
32 64 100 120 8 2
64 512 40 200 6 2
128 512 40 80 6 7
64 128 40 200 3 4
32 256 200 300 8 4
64 256 40 80 5 2
64 256 100 120 5 3
64 256 100 120 8 5
16 512 100 120 8 7
64 512 40 120 7 2
16 512 200 300 3 7
32 64 200 300 6 5
32 256 80 300 5 5
16 512 80 300 7 2
32 64 40 300 5 4
128 256 40 120 7 3
128 256 80 120 6 7
32 256 100 120 3 2
64 128 100 300 3 3
16 256 40 120 7 6
64 512 40 200 4 3
32 64 200 300 7 6
128 512 100 120 8 3
16 128 80 200 4 5
16 128 80 200 5 6
64 256 40 200 8 5
16 256 200 300 7 2
32 256 80 200 8 2
32 128 100 120 4 2
64 512 80 120 6 7
32 64 80 300 3 6
128 512 80 120 3 4
32 512 40 200 7 6
128 512 40 200 4 4
32 512 40 300 7 5
16 256 40 80 6 3
32 256 40 200 3 7
32 128 40 200 7 7
32 128 40 300 3 4
128 256 100 200 8 3
32 128 40 80 3 6
64 512 200 300 5 5
16 64 40 200 6 4
32 256 40 120 4 5
16 64 40 80 8 2
32 512 100 200 8 3
32 256 200 300 3 5
128 256 40 300 6 5
64 256 40 300 3 3
32 512 80 200 8 3
16 512 200 300 3 3
32 256 100 300 4 7
32 64 80 300 3 3
64 128 40 120 4 6
16 256 80 120 4 3
32 512 80 120 5 6
64 256 100 300 3 5
32 64 40 200 6 6
16 128 40 300 7 7
64 256 40 80 5 5
64 256 40 80 4 7
16 512 100 200 6 6
64 512 100 200 7 3
16 256 40 80 8 6
32 128 100 200 5 3
128 256 40 300 6 4
32 64 100 300 8 7
16 128 80 120 7 6
128 512 200 300 6 3
32 128 100 120 7 3
128 512 80 300 7 3
16 64 200 300 7 2
64 512 40 200 4 7
32 256 100 200 7 4
16 256 80 120 3 6
16 512 40 120 3 6
16 64 80 300 6 3
16 512 100 200 3 6
64 256 40 120 5 3
32 128 80 200 3 6
16 256 40 120 3 3
16 64 200 300 4 3
32 64 100 300 4 3
32 512 40 200 7 6
32 256 40 200 7 2
16 128 80 200 7 3
32 128 80 200 7 5
32 64 80 120 8 5
128 256 100 200 4 3
16 256 100 300 8 5
32 64 100 120 6 2
64 256 100 300 8 2
128 256 40 200 7 7
128 512 40 300 6 4
64 256 40 300 4 3
16 512 100 300 5 7
128 512 100 200 5 4
128 512 200 300 6 7
16 128 100 300 6 4
64 256 100 200 7 5
16 512 200 300 3 5
64 512 200 300 7 3
32 128 40 80 6 4
16 512 100 120 8 5
64 512 200 300 4 2
16 256 80 300 6 7
16 512 40 80 3 6
128 256 40 80 3 4
64 512 80 200 7 4
64 256 40 120 3 2
16 256 80 200 6 7
16 256 80 120 6 4
128 256 40 300 7 3
16 128 40 80 3 6
64 256 40 300 8 6
16 512 40 80 4 5
16 512 200 300 4 2
64 512 40 300 6 5
16 256 40 300 8 5
16 128 80 120 7 6
16 64 40 120 5 7
64 128 40 200 8 6
128 256 40 80 8 5
64 128 200 300 6 7
16 512 80 300 4 3
64 256 80 200 5 5
32 512 40 200 3 4
16 512 40 120 3 2
128 512 80 300 7 5
64 512 200 300 5 3
32 64 40 80 3 3
64 512 40 200 6 7
32 512 100 300 8 3
64 512 100 200 4 5
16 64 40 200 7 4
32 128 100 300 4 2
32 512 40 300 7 5
16 64 200 300 5 3
64 256 80 200 3 4
16 64 80 300 5 5
16 64 40 300 3 3
32 128 40 300 4 3
16 64 40 200 4 5
16 64 40 80 5 4
32 128 40 80 7 4
16 64 40 120 7 7
16 256 80 200 6 2
32 128 80 200 8 5
128 512 80 120 5 3
64 256 40 120 7 6
16 128 80 300 8 5
32 128 40 300 3 3
16 128 40 300 7 3
16 128 100 200 6 7
32 64 200 300 8 2
32 64 100 200 5 2
64 512 40 80 7 2
32 64 40 80 4 2
32 512 100 200 6 6
16 128 100 200 3 5
16 128 40 80 5 5
128 256 80 120 5 2
32 512 100 300 8 2
16 512 40 300 4 6
32 128 100 300 4 6
32 64 40 300 7 4
16 256 40 120 4 5
64 512 40 200 4 4
16 128 100 300 8 3
32 512 40 200 6 2
64 256 100 200 3 7
32 64 40 80 8 7
32 256 100 200 5 6
32 64 80 300 4 4
32 256 100 120 5 6
64 128 80 120 8 6
32 512 100 200 5 7
16 512 100 200 6 3
32 64 40 300 3 3
64 512 40 200 5 3
128 256 80 200 3 7
16 128 80 200 6 2
32 512 200 300 3 4
64 256 200 300 3 7
128 512 80 200 7 6
128 512 80 120 8 5
128 256 100 300 4 4
64 512 100 120 7 3
16 512 100 200 3 3
16 128 40 120 4 2
16 64 40 200 4 4
32 128 80 200 3 5
32 128 40 120 7 6
16 128 80 200 6 5
16 64 40 120 3 6
32 64 40 200 6 5
128 512 80 200 8 2
32 64 40 120 7 4
32 256 100 120 4 4
128 512 80 300 8 7
16 128 40 200 6 3
16 128 80 200 5 4
32 512 200 300 8 3
64 128 40 300 4 4
16 128 100 120 6 4
64 256 100 200 5 6
16 256 40 80 4 6
16 256 40 120 7 6
128 512 80 120 5 3
32 128 80 120 6 2
32 512 40 80 8 3
32 256 80 120 8 6
128 512 100 200 8 3
128 256 200 300 3 2
16 64 100 120 6 6
32 512 40 80 8 4
128 512 80 120 5 3
128 512 40 120 3 2
16 512 100 120 4 3
32 256 100 200 4 5
16 256 40 120 3 6
128 512 40 200 3 6
16 256 80 300 5 7
128 512 100 120 6 6
16 256 100 200 3 7
64 256 40 200 6 3
64 512 40 120 5 6
16 256 40 120 6 4
32 128 200 300 5 3
128 256 100 300 4 6
32 256 100 200 5 5
64 256 80 200 8 6
128 512 40 80 8 7
32 512 40 300 3 6
32 256 100 300 3 6
32 512 80 300 3 6
128 256 80 200 4 2
16 512 100 300 6 6
16 128 80 200 5 7
32 128 200 300 6 5
16 64 100 300 8 2
16 128 40 120 3 7
16 128 100 300 6 7
64 128 40 300 6 6
64 128 80 200 6 2
16 256 80 120 3 3
64 128 40 200 5 3
16 128 80 120 4 7
32 512 40 120 5 2
16 128 200 300 4 3
32 512 40 120 4 4
128 256 100 300 3 6
32 64 40 80 7 7
64 256 40 300 3 3
64 512 100 120 4 2
64 128 100 300 7 6
128 512 40 80 5 2
32 64 80 120 6 6
32 256 40 80 6 4
128 512 80 300 8 7
32 256 80 120 5 3
32 64 200 300 8 2
128 256 40 300 4 3
32 512 40 120 6 5
16 64 200 300 7 4
32 128 40 80 6 7
128 512 100 120 4 6
128 512 200 300 4 7
32 128 40 300 8 7
16 64 80 300 3 5
64 512 100 120 3 6
16 256 40 200 3 6
16 64 40 200 5 4
64 128 100 200 8 3
128 256 80 200 3 5
32 512 40 120 3 7
64 128 40 200 4 4
64 512 40 200 8 6
32 64 40 300 5 3
32 128 200 300 8 4
32 128 40 80 6 7
16 256 40 120 7 3
16 512 100 120 3 3
64 128 80 200 4 6
64 128 40 120 5 2
16 128 100 200 8 2
16 512 40 80 5 2
64 512 100 300 5 7
16 512 80 200 4 2
64 512 40 80 7 3
64 128 200 300 5 3
16 256 40 300 5 4
32 256 100 120 8 2
16 128 80 300 4 3
16 64 100 120 7 7
128 256 80 300 6 4
32 256 100 300 7 6
128 512 100 300 8 4
16 64 40 80 4 4
128 512 80 120 8 5
16 256 40 300 8 4
128 512 80 200 8 3
32 64 200 300 4 7
32 64 40 300 3 3
32 512 100 120 8 4
16 128 80 200 7 7
64 512 40 300 3 3
16 128 80 120 3 7
128 256 100 120 3 4
16 128 40 120 3 6
16 256 40 200 7 4
16 512 200 300 6 5
32 256 80 200 8 7
64 128 80 300 4 4
128 512 40 300 3 6
128 512 40 300 5 2
128 512 200 300 7 5
32 128 80 200 7 6
16 256 80 200 5 7
32 128 100 200 3 7
32 512 100 200 5 3
64 256 100 120 5 2
32 512 100 300 7 5
64 128 40 80 7 2
64 256 80 300 6 2
64 128 80 120 3 5
16 512 40 120 3 4
32 256 80 120 3 2
64 128 100 200 6 2
32 64 40 120 6 3
32 256 80 300 8 2
32 128 40 200 8 7
32 128 80 200 8 2
128 256 40 80 8 7
16 512 80 120 5 7
64 256 80 120 7 5
32 128 40 80 4 3
64 512 40 120 5 6
16 64 200 300 8 2
64 128 200 300 6 3
64 512 100 200 4 6
32 128 40 200 8 3
32 128 100 200 4 4
16 64 80 120 5 5
32 256 80 300 7 3
64 256 100 200 3 7
64 256 100 120 5 3
64 128 40 200 7 6
16 512 200 300 3 2
16 64 80 200 4 5
32 128 200 300 7 4
16 128 80 300 3 2
128 512 100 300 6 2
16 512 40 200 8 4
64 512 40 80 4 4
32 256 80 120 4 2
32 128 200 300 5 7
128 256 200 300 6 6
16 128 80 120 6 2
16 64 40 200 6 7
16 512 40 120 8 6
128 512 40 120 6 3
16 64 40 120 5 3
32 128 40 120 7 6
128 256 40 200 8 7
32 128 100 200 3 7
64 256 100 200 5 6
32 128 80 300 7 5
64 128 40 300 5 4
64 512 40 80 8 5
32 128 200 300 8 4
32 64 100 300 3 2
16 128 80 200 3 3
128 512 100 300 3 6
16 512 80 200 4 5
16 256 40 200 7 3
64 128 40 80 3 5
16 128 40 300 5 6
32 512 80 120 5 7
16 256 40 200 3 4
32 64 100 120 4 6
32 256 80 300 8 4
32 256 80 120 8 3
16 512 80 300 6 3
64 128 80 200 4 5
32 512 40 80 4 7
64 256 40 200 5 2
32 128 80 200 8 2
16 64 40 200 7 5
16 64 40 120 7 4
16 128 40 120 5 5
32 128 80 120 6 3
128 256 80 200 5 6
64 512 100 200 8 7
128 256 100 120 8 3
128 256 40 200 3 2
64 512 100 200 4 5
128 256 100 300 5 2
32 128 80 300 4 2
64 512 40 300 5 2
64 512 200 300 7 4
32 256 80 120 3 7
32 64 80 200 5 6
128 512 80 200 6 2
64 256 80 200 5 4
32 512 40 300 8 2
32 64 100 120 4 4
128 512 80 120 5 7
32 64 40 80 6 6
128 512 40 80 3 2
16 256 100 300 8 5
128 512 80 200 4 3
128 256 40 80 6 6
128 512 100 120 6 4
16 128 40 80 5 4
16 64 100 200 3 5
64 128 40 200 5 2
64 256 80 300 5 7
64 256 100 120 8 7
16 128 100 120 8 6
32 256 40 200 8 6
64 512 80 200 4 3
32 128 40 120 8 6
16 64 200 300 5 7
16 512 80 300 5 7
32 64 40 200 6 6
64 512 100 300 7 2
128 512 80 300 7 2
32 64 80 300 4 3
64 128 80 120 4 4
16 64 40 200 5 4
32 256 200 300 8 7
128 256 40 300 5 7
16 512 100 200 4 6
64 256 40 300 8 6
32 128 100 200 3 2
64 256 40 300 5 3
64 128 40 200 3 5
64 256 40 200 6 2
16 512 80 300 4 3
64 128 100 120 3 4
128 256 80 120 3 4
128 256 40 200 4 7
128 512 40 200 8 7
64 256 100 120 4 5
16 128 40 120 3 3
16 256 100 120 7 4
32 128 40 120 3 5
64 512 100 200 4 7
32 128 40 80 8 2
32 128 40 200 5 2
32 512 40 120 3 2
32 64 80 120 3 2
32 64 100 200 4 6
64 512 80 120 3 2
64 512 40 120 6 5
64 256 80 300 7 6
32 128 100 300 4 2
64 128 100 200 3 4
16 64 40 80 5 3
64 256 80 200 5 4
16 128 100 300 8 3
16 64 100 120 7 3
32 512 100 120 6 5
32 64 40 80 7 2
64 256 80 300 8 6
16 128 200 300 8 6
128 256 40 120 3 2
32 64 80 120 8 7
64 128 40 120 7 2
16 128 80 300 3 3
128 256 200 300 4 4
16 512 40 80 5 2
16 256 100 200 5 5
128 256 40 80 5 6
16 256 80 300 6 4
64 512 40 200 5 4
32 64 80 300 7 6
32 256 40 80 7 2
16 512 40 120 3 6
128 256 80 120 6 6
64 256 40 120 4 2
16 256 40 120 7 2
128 256 100 200 7 6
16 512 40 300 3 6
16 256 40 80 7 7
16 256 40 120 7 7
64 128 100 300 5 3
16 512 100 200 5 5
16 64 100 200 3 6
64 128 100 120 5 2
16 256 100 120 6 3
64 128 40 120 4 3
64 128 40 200 7 7
16 512 80 300 7 3
16 128 40 80 6 7
64 128 40 120 5 3
32 64 200 300 6 5
32 64 40 120 5 4
32 64 40 120 3 7
32 128 80 120 8 2
128 256 100 300 3 6
64 128 40 120 6 3
128 256 80 300 4 3
64 512 80 120 4 4
128 512 40 80 6 5
32 512 80 200 3 7
16 128 100 200 7 7
32 64 100 300 4 6
32 256 40 120 5 2
64 512 200 300 5 6
16 512 200 300 8 3
16 128 80 300 3 6
64 512 40 300 4 4
128 512 40 200 8 5
32 512 200 300 6 5
64 256 80 300 3 4
16 128 100 120 4 6
64 512 40 120 3 3
32 256 100 200 6 7
64 512 40 80 7 6
32 512 40 120 8 4
64 128 40 120 8 7
128 256 40 200 6 4
64 128 80 300 4 6
64 512 40 120 4 6
64 512 100 120 6 4
32 256 100 120 6 4
32 128 100 200 4 4
128 512 100 200 6 7
64 256 100 120 3 5
32 128 40 200 5 7
16 128 200 300 8 5
64 256 80 300 7 3
128 256 200 300 6 6
64 128 200 300 5 3
32 512 100 200 6 6
16 512 40 300 7 5
16 128 100 300 4 7
32 256 100 300 3 7
64 256 40 300 4 5
32 64 40 200 4 3
32 512 200 300 5 6
128 256 40 200 5 2
16 512 40 80 6 2
32 512 100 200 8 3
64 512 80 200 8 4
16 64 100 300 8 4
32 128 200 300 3 6
64 128 80 200 6 7
128 256 200 300 6 5
32 64 40 120 6 2
16 128 40 120 6 5
128 512 80 300 3 2
64 512 80 120 3 4
64 128 80 300 5 4
32 512 40 300 8 6
32 64 40 300 4 4
32 64 100 200 6 2
64 128 40 120 7 7
16 256 80 300 7 4
64 512 80 300 8 2
32 512 80 200 3 6
64 128 80 300 7 3
32 256 40 80 4 3
128 256 40 120 3 4
128 256 100 120 7 3
32 256 80 120 5 2
32 512 200 300 7 3
16 128 40 300 7 3
16 64 100 200 4 5
32 256 40 80 6 4
64 128 40 120 8 3
64 256 40 200 3 7
32 256 80 200 4 7
32 512 100 120 3 2
16 128 100 200 7 4
16 512 100 200 5 7
32 64 100 300 5 2
64 128 40 80 8 4
32 256 40 80 8 4
16 64 100 120 3 4
16 256 40 200 3 4
64 256 40 200 6 4
64 128 80 120 8 5
128 256 40 120 7 7
64 512 40 200 3 6
16 128 40 120 7 3
32 128 40 120 7 2
64 256 80 300 3 2
32 256 80 120 5 4
128 256 100 120 7 5
64 256 40 120 5 7
64 256 40 200 6 7
64 512 80 200 5 5
64 256 40 300 3 3
32 128 100 300 4 4
128 512 100 300 6 4
16 256 100 200 7 7
32 256 40 300 3 5
64 128 40 300 6 3
64 256 80 300 7 3
32 512 100 300 7 4
32 128 100 300 8 4
16 512 200 300 4 7
32 512 100 200 8 2
64 128 40 300 6 5
16 512 40 120 6 7
16 512 40 200 5 4
64 128 40 120 7 6
32 64 200 300 7 4
16 256 80 200 6 5
16 256 80 120 7 4
64 128 40 200 5 6
16 256 40 200 7 3
64 128 80 120 6 3
64 128 40 200 8 5
32 128 40 300 6 5
16 128 40 300 7 3
32 128 80 300 4 5
64 256 40 300 4 4
64 128 80 120 5 3
32 64 40 80 8 3
32 128 80 200 8 3
64 256 40 300 7 3
16 128 80 200 3 2
16 64 80 200 6 7
16 64 80 300 5 6
32 128 40 120 3 3
32 256 40 120 3 5
128 256 100 120 8 4
32 128 80 200 5 3
16 256 40 200 5 4
16 256 100 120 3 6
32 128 80 120 8 2
32 64 40 200 6 4
64 128 200 300 3 2
128 256 40 80 5 2
16 64 40 120 6 4
32 64 100 120 8 5
128 512 80 200 6 3
16 64 40 120 3 2
16 256 100 120 3 5
16 64 40 300 5 4
64 512 80 120 5 2
16 256 40 120 3 5
64 512 100 120 8 5
32 64 40 80 4 5
32 128 100 120 7 4
16 256 80 200 5 7
64 128 40 200 6 2
128 256 200 300 4 5
32 256 40 80 4 5
128 512 40 120 3 6
32 256 80 300 8 2
128 512 80 200 5 6
16 64 40 200 7 2
32 64 200 300 5 4
16 64 80 300 6 3
32 256 200 300 8 3
16 512 40 80 8 3
64 512 40 200 3 7
16 128 40 120 8 6
16 64 200 300 5 6
32 64 40 300 6 5
32 64 80 300 6 3
32 512 40 200 6 5
32 512 100 300 8 4
16 64 100 200 6 7
16 64 40 200 6 2
64 256 80 200 4 3
16 256 40 120 6 6
64 128 80 200 5 4
32 512 80 120 8 4
64 512 80 300 5 5
64 128 100 200 7 6
64 512 40 120 4 5
128 256 80 200 7 7
32 64 100 120 8 2
64 512 40 200 7 3
32 256 100 120 7 4
64 128 80 300 6 2
16 128 40 300 6 4
64 128 80 120 6 6
128 512 200 300 6 4
64 256 40 120 6 2
128 512 100 300 6 4
16 512 40 80 6 3
64 512 40 300 5 2
16 512 40 120 6 4
32 64 40 200 8 3
32 64 80 200 5 5
16 128 100 300 5 4
128 256 40 300 5 3
128 256 100 300 4 7
64 512 80 300 5 2
64 512 200 300 8 2
32 128 100 300 8 2
16 256 100 300 7 7
128 512 40 300 5 3
32 512 40 200 7 3
128 512 200 300 6 5
64 128 80 300 8 2
64 512 80 300 5 7
128 512 100 120 6 3
16 64 40 120 3 3
32 512 80 200 5 3
128 512 40 300 4 5
32 256 40 300 4 3
16 256 80 300 4 7
32 256 80 120 6 4
64 256 200 300 3 2
16 128 80 120 8 7
32 128 80 200 5 5
64 256 40 120 5 2
32 128 40 200 7 4
128 256 80 200 5 2
16 64 40 120 3 7
128 512 40 300 5 6
64 256 100 120 5 3
128 512 40 120 6 2
64 256 40 300 3 6
128 512 100 200 4 7
64 128 200 300 3 6
32 128 80 120 7 3
64 256 100 120 5 7
64 128 40 300 6 7
32 64 80 300 4 6
16 256 100 200 4 4
32 64 80 120 4 5
64 256 40 300 8 4
128 256 200 300 5 7
64 256 100 120 5 4
64 256 80 300 5 4
128 512 100 120 7 5
64 512 200 300 8 7
64 512 80 200 7 2
128 512 80 300 3 2
32 128 100 120 3 7
64 512 100 200 6 6
32 64 100 300 3 5
16 128 40 200 5 7
128 512 80 200 3 3
32 256 40 120 3 2
32 128 200 300 5 3
32 512 40 300 6 3
32 256 100 300 5 5
32 256 80 120 8 3
32 256 80 120 3 5
64 512 200 300 6 4
16 64 80 300 8 4
16 64 40 120 5 5
32 256 200 300 5 5
32 256 200 300 4 4
64 128 80 300 8 4
32 128 80 200 7 3
64 512 40 200 4 2
64 128 40 80 3 2
16 512 80 200 7 3
16 256 80 200 3 7
64 256 100 300 4 4
16 512 100 300 3 7
32 64 80 300 3 3
128 256 40 80 7 6
32 128 80 200 5 2
16 256 40 120 5 5
32 128 40 120 5 3
64 128 40 300 6 5
32 256 100 120 8 3
16 256 80 120 8 2
32 64 40 120 7 2
32 64 200 300 8 7
32 64 100 300 4 4
64 512 100 300 3 5
32 512 80 200 3 7
128 512 100 300 8 7
32 128 80 120 6 5
32 256 80 200 6 7
16 128 100 300 8 6
32 128 100 300 7 3
128 256 100 200 5 5
16 64 80 200 3 7
64 256 80 300 4 3
16 256 40 120 8 3
32 64 100 300 5 4
64 128 80 120 5 5
32 64 80 300 4 5
64 512 40 300 3 7
64 256 80 200 5 4
64 128 40 80 3 6
16 64 40 200 7 7
16 512 40 120 4 5
16 128 100 300 4 4
64 256 100 120 5 7
16 128 100 300 6 2
64 512 200 300 5 3
32 64 40 200 3 6
64 128 100 200 7 5
16 256 80 120 3 4
16 128 40 80 5 2
64 256 100 120 3 4
128 512 80 200 6 2
16 256 40 80 6 2
16 512 100 120 3 4
32 64 100 120 3 2
16 512 40 120 7 2
16 128 80 300 8 2
16 256 200 300 4 2
32 128 40 120 3 6
16 128 80 120 8 7
16 256 80 300 6 3
64 512 80 200 4 4
64 256 200 300 3 6
64 512 40 300 7 3
128 512 80 120 5 2
32 256 40 200 7 7
128 512 80 200 7 2
32 128 200 300 6 5
16 128 200 300 3 6
16 512 100 300 3 4
128 256 100 200 4 5
128 256 200 300 8 2
32 64 40 300 6 6
16 128 40 120 6 3
32 512 100 200 8 4
64 128 80 300 6 5
16 64 100 120 6 6
32 128 80 120 5 6
64 128 80 200 6 6
32 64 200 300 8 3
32 128 40 80 6 5
32 512 100 120 3 5
64 256 40 200 3 4
16 512 40 200 3 3
16 512 40 300 4 5
32 64 80 200 7 2
128 256 200 300 4 3
16 64 40 80 3 7
32 256 40 120 7 3
64 512 40 200 7 4
64 256 40 200 8 5
128 512 80 200 6 3
64 128 100 200 4 6
64 128 80 120 6 5
32 64 100 200 3 7
64 128 100 300 5 7
128 256 40 80 6 3
16 64 80 120 8 2
32 64 80 300 3 6
128 256 100 300 5 2
32 64 40 200 6 6
32 128 80 300 4 6
64 256 100 200 8 5
16 128 40 80 7 5
32 256 40 120 7 2
32 128 100 200 8 5
16 512 80 300 7 6
32 128 100 120 3 7
64 256 100 120 8 3
16 64 40 120 6 7
16 256 40 300 4 5
64 256 100 120 7 4
128 512 100 120 5 4
16 128 40 300 6 2
128 512 40 200 4 3
32 64 100 120 3 5
16 256 40 120 5 6
32 64 100 200 8 4
16 128 40 300 5 3
128 512 80 120 7 3
64 512 100 200 7 2
32 64 200 300 4 6
64 128 40 200 6 5
16 128 80 300 6 6
64 128 80 300 4 6
128 256 80 120 3 3
64 512 80 200 8 5
32 256 80 120 3 7
32 128 80 300 8 7
16 512 100 300 8 4
32 256 80 300 7 6
32 256 100 120 7 5
128 512 40 120 3 4
32 256 80 300 7 2
128 512 40 120 7 6
16 128 40 80 6 4
128 512 40 200 5 5
128 256 40 200 7 3
16 64 40 200 8 4
32 256 40 200 3 7
16 64 200 300 3 2
64 512 80 120 6 6
64 512 100 200 6 4
16 256 80 200 4 6
16 256 100 120 7 2
64 512 100 300 5 7
16 64 200 300 3 2
32 64 80 120 4 3
128 512 40 200 4 7
64 256 100 120 8 2
128 512 40 80 6 5
128 512 100 200 3 5
64 128 100 300 7 3
32 256 40 80 8 7
16 128 40 80 7 5
128 512 80 200 3 4
16 256 40 80 6 3
16 512 100 300 3 4
128 512 40 300 3 2
16 64 80 300 5 5
128 256 80 120 6 5
32 128 100 300 3 3
128 512 200 300 6 3
16 512 100 120 6 5
32 128 40 200 7 6
32 256 40 80 3 7
32 64 40 120 8 2
128 512 80 300 3 2
16 256 80 200 8 7
16 128 40 120 5 4
32 128 80 200 6 5
64 512 40 80 4 5
16 256 40 300 7 4
16 512 40 300 5 5
16 128 80 120 4 7
128 512 40 300 6 7
32 512 80 300 6 7
16 256 100 300 4 5
32 512 40 300 4 3
64 128 40 120 3 6
16 128 200 300 4 3
32 512 40 80 3 3
16 64 200 300 3 3
64 128 40 80 3 6
16 512 100 120 3 3
64 128 80 200 6 2
32 64 100 300 4 7
16 256 200 300 6 6
64 512 80 120 5 3
64 256 40 200 3 6
32 512 40 300 7 6
32 512 80 300 7 3
16 64 100 300 8 5
64 256 40 200 8 6
32 128 80 120 8 5
128 512 40 300 6 2
32 512 100 300 5 6
16 256 200 300 7 7
64 128 80 120 7 2
16 128 200 300 4 7
32 256 40 300 4 2
16 512 100 120 3 6
128 256 40 200 8 6
64 512 200 300 8 6
32 128 80 200 5 7
32 256 40 200 8 7
64 256 100 200 8 5
32 64 200 300 8 2
32 256 80 300 3 6
128 512 40 200 6 6
32 64 80 200 6 5
32 256 100 120 5 4
32 64 40 120 8 4
32 256 100 120 8 2
32 256 80 200 6 3
16 128 200 300 8 2
16 512 80 300 3 5
16 512 40 300 6 5
16 64 40 80 3 5
64 128 40 80 5 2
32 128 100 120 4 4
16 128 100 300 8 4
32 64 100 120 3 5
32 128 200 300 3 5
16 64 100 300 5 2
32 128 80 120 6 7
32 128 100 120 7 6
32 64 40 120 8 6
64 256 80 300 4 6
128 512 80 120 7 7
32 128 100 300 6 4
64 128 80 300 8 6
32 256 40 300 6 4
64 128 200 300 7 3
32 128 40 120 5 6
128 512 40 80 6 4
32 64 100 120 6 4
32 512 80 200 7 5
16 512 40 200 6 5
64 512 80 120 8 4
64 256 80 120 7 2
16 64 200 300 3 6
64 512 80 200 8 2
64 256 100 200 8 6
128 512 40 120 6 3
64 256 40 200 7 3
16 64 40 200 6 3
32 128 40 120 6 5
16 512 80 120 6 5
128 512 40 120 4 6
32 64 40 120 6 6
32 128 80 200 5 4
64 512 40 200 5 3
32 64 40 300 3 3
16 256 40 80 5 6
32 256 40 120 7 4
32 64 200 300 8 3
16 64 40 120 6 7
32 256 80 300 7 2
16 64 80 300 4 6
16 128 80 200 7 2
32 128 200 300 6 2
16 128 80 120 4 2
128 256 100 300 3 6
32 256 100 300 4 4
32 512 100 120 3 3
128 256 100 200 7 4
128 256 200 300 5 6
32 64 100 300 8 3
32 128 80 200 7 5
64 256 80 200 5 3
64 128 40 80 6 7
16 512 100 120 3 6
32 64 100 120 5 2
16 64 80 200 8 2
16 128 80 300 5 5
128 512 100 200 3 2
32 128 40 120 5 2
32 256 80 120 6 2
16 512 100 120 5 2
16 128 100 300 3 6
64 128 40 120 7 7
64 256 80 120 8 7
32 64 80 300 4 7
16 512 200 300 5 6
32 256 100 120 3 2
32 128 40 300 6 5
32 256 80 120 7 4
64 128 40 300 4 2
128 512 40 300 8 3
16 256 40 80 4 4
16 512 40 300 6 5
128 256 100 200 3 7
128 256 100 120 4 4
16 256 40 120 4 7
32 256 100 120 8 5
64 128 40 120 8 3
16 512 40 120 5 6
32 128 40 200 8 5
16 64 40 300 8 4
16 128 40 80 6 3
16 128 100 200 8 4
64 128 80 120 3 2
32 128 200 300 5 2
32 512 80 120 7 6
16 64 200 300 6 4
32 512 80 120 3 6
32 512 80 120 7 6
32 64 40 200 4 3
16 128 40 200 7 5
16 256 40 200 4 3
64 256 80 120 6 7
16 256 200 300 7 6
16 512 200 300 3 3
64 256 40 120 4 5
32 512 80 120 7 5
16 512 200 300 4 2
32 64 80 300 6 4
64 256 100 200 3 5
64 128 40 80 8 2
32 256 80 300 7 2
128 512 100 200 5 3
64 512 40 120 8 5
128 256 40 300 3 2
32 256 100 120 6 6
16 64 100 200 8 2
16 64 80 200 4 2
64 512 80 120 8 2
128 256 100 200 5 7
64 512 40 120 5 5
32 512 40 300 4 6
32 512 100 120 6 2
16 64 40 200 3 7
128 512 100 200 8 4
64 512 80 120 8 3
32 512 100 120 3 7
16 256 40 120 4 7
32 128 40 80 5 6
128 256 100 300 6 3
16 256 80 300 6 4
128 256 80 120 3 3
32 256 100 120 5 2
16 512 100 120 6 7
64 512 40 200 7 4
16 64 80 120 8 5
32 128 100 300 4 2
16 256 200 300 8 5
16 128 100 300 5 6
64 128 100 300 7 2
64 512 80 300 3 2
16 64 40 200 7 4
64 512 100 300 5 4
128 256 80 200 3 4
64 256 40 200 4 4
128 256 200 300 3 6
16 64 40 80 8 6
16 256 40 120 3 6
128 256 40 200 3 7
128 256 200 300 8 6
32 512 80 300 4 5
32 128 80 200 4 5
16 128 40 120 6 5
128 512 200 300 4 7
32 128 80 300 3 3
32 512 100 120 5 5
64 128 80 300 7 3
128 256 40 200 7 7
16 256 200 300 6 3
64 512 80 200 5 2
16 512 40 80 8 2
32 128 40 300 6 7
128 256 80 200 5 6
64 512 100 300 4 6
32 128 200 300 8 7
16 512 100 120 4 7
32 512 80 300 7 4
16 64 40 120 4 2
16 128 100 200 8 4
32 256 40 300 6 4
64 512 40 200 8 3
128 256 40 80 4 6
32 512 40 120 6 6
32 128 80 200 3 2
32 128 40 200 5 7
16 512 40 300 3 5
128 256 80 120 7 6
32 64 80 200 5 2
16 64 100 200 3 5
128 512 40 80 7 3
64 512 200 300 3 2
64 128 80 120 7 3
32 512 80 200 4 3
128 512 100 300 8 7
128 256 80 200 5 2
64 256 100 200 3 3
16 256 40 300 8 2
64 256 40 200 7 2
32 256 40 300 6 7
64 128 80 120 8 5
64 512 40 300 7 5
16 512 100 200 7 4
64 512 80 120 4 4
64 256 100 300 5 7
32 64 80 300 3 5
64 256 80 200 4 2
32 512 40 80 6 2
16 64 80 120 8 2
64 512 200 300 3 2
64 512 200 300 8 3
16 512 40 120 4 7
16 64 80 120 3 6
16 64 80 120 6 2
16 128 80 120 4 7
16 512 80 120 3 4
32 128 100 200 8 6
128 512 80 300 7 6
32 128 100 120 8 4
128 256 80 300 4 4
64 256 40 300 4 4
16 512 40 120 5 3
128 512 40 200 8 4
128 256 80 200 8 2
16 128 80 200 7 2
128 256 80 300 7 4
16 64 80 300 3 5
16 256 100 300 3 3
128 256 80 300 6 2
16 512 100 120 6 5
32 512 40 300 5 5
16 128 40 300 6 3
32 64 80 120 7 3
32 128 100 120 8 2
32 512 100 200 4 3
128 256 80 200 5 3
128 512 40 120 7 2
128 512 100 300 5 2
64 128 40 200 7 3
16 64 100 120 4 4
64 512 200 300 4 6
16 128 80 200 5 6
32 512 80 300 3 6
64 256 80 120 3 4
128 256 80 300 8 5
32 64 100 200 8 5
32 512 80 200 4 2
32 512 200 300 7 3
64 256 100 300 8 5
32 256 40 200 5 4
32 128 100 300 7 5
128 512 40 300 5 4
64 128 40 80 3 2
16 64 100 300 4 7
16 256 40 300 7 4
64 128 80 200 4 5
16 512 80 300 7 5
32 512 40 120 3 4
32 128 100 300 5 7
64 512 100 300 7 2
64 512 40 80 8 2
64 512 80 200 6 4
16 512 40 200 4 7
32 256 100 200 8 2
16 128 80 120 4 6
32 128 80 200 7 7
16 128 100 120 6 4
16 512 40 300 4 4
32 64 40 300 5 2
16 256 40 200 3 7
16 512 40 120 7 5
16 256 100 300 5 4
128 256 80 300 4 2
64 512 100 120 8 4
128 256 80 300 6 5
16 256 80 300 7 7
16 256 40 300 8 6
32 64 40 120 4 2
32 256 40 300 3 6
64 256 40 80 7 2
16 64 80 200 6 3
128 256 100 300 3 6
32 64 40 120 3 3
16 256 40 300 3 3
16 128 80 200 4 6
16 128 40 200 3 3
32 64 80 300 5 6
16 256 80 120 5 7
32 512 100 120 7 3
32 64 200 300 5 4
16 512 40 120 8 2
16 64 100 300 7 5
32 256 100 200 6 3
128 512 80 200 6 7
16 512 40 80 3 3
32 512 40 300 6 3
64 256 80 200 5 5
128 256 40 300 3 7
32 256 80 120 4 7
64 512 80 300 6 6
32 128 100 200 5 5
16 64 40 80 5 5
16 256 100 120 5 2
16 512 40 200 4 2
32 64 40 120 3 7
128 256 200 300 4 4
16 512 200 300 5 4
16 512 80 200 6 6
16 64 40 80 8 5
32 256 100 300 3 5
32 512 40 120 3 3
64 256 80 200 8 7
16 64 100 120 6 6
64 512 100 120 4 4
64 128 100 300 8 3
128 512 80 200 5 6
16 128 100 200 8 2
32 64 40 120 7 4
128 256 100 300 3 2
128 256 80 200 8 4
16 512 200 300 4 3
32 128 40 80 6 7
16 128 40 300 3 6
32 512 100 300 8 6
32 64 40 120 8 5
32 512 40 300 3 2
16 128 80 120 8 6
64 256 80 300 4 4
64 128 100 200 5 5
32 256 80 300 8 7
64 256 80 300 8 2
64 512 100 120 3 7
64 512 40 300 8 7
32 64 80 200 5 7
32 512 40 120 3 7
64 256 100 300 4 5
32 64 100 120 8 6
128 256 40 80 7 3
16 512 40 80 5 7
64 256 40 200 4 7
32 256 40 80 4 4
64 512 80 120 4 7
16 128 40 80 4 4
16 512 200 300 3 5
64 512 40 80 3 5
16 512 80 200 6 7
64 128 100 120 3 3
128 512 80 300 7 6
64 512 100 120 7 4
64 512 40 120 3 3
32 128 80 120 5 6
16 256 40 200 4 6
32 128 100 300 4 4
64 256 80 200 7 6
16 128 40 80 4 5
64 128 40 80 3 6
16 512 100 200 4 3
16 512 80 200 8 6
64 256 40 80 8 4
64 512 40 120 8 3
16 512 40 300 5 4
128 512 200 300 7 2
16 512 40 300 8 5
32 64 40 80 6 6
16 256 200 300 3 4
32 64 80 120 3 6
32 64 100 300 3 4
16 256 40 300 3 3
16 256 100 200 6 2
128 256 200 300 8 7
16 256 40 120 3 6
32 256 100 120 4 6
32 256 80 300 4 6
128 512 80 120 5 4
32 64 40 120 7 5
16 128 40 200 5 7
32 256 40 120 3 3
64 128 80 300 4 6
16 512 40 120 3 3
16 256 100 120 8 2
32 64 80 200 8 7
32 64 40 80 8 5
64 512 80 300 7 5
16 512 80 200 8 7
64 256 40 200 6 7
32 128 100 200 3 5
16 128 80 300 4 6
128 256 80 300 7 5
32 512 40 120 6 2
32 128 40 120 5 5
64 256 100 200 4 7
16 256 100 200 7 7
32 128 80 120 8 6
32 512 40 200 7 4
16 256 80 120 3 4
16 64 40 80 4 5
32 512 80 300 8 4
32 512 200 300 5 4
32 256 40 200 4 3
32 256 80 300 8 7
64 128 40 200 4 5
128 256 80 300 7 5
16 512 40 80 8 2
128 512 100 120 7 4
64 256 100 120 6 4
128 256 80 300 8 4
16 64 40 120 8 7
32 256 100 300 7 4
16 512 100 120 6 2
32 64 80 300 5 7
16 64 200 300 5 4
128 256 100 300 4 5
64 128 80 200 3 4
32 64 80 120 8 7
16 256 80 300 5 3
32 256 40 300 4 2
32 128 80 120 6 4
32 128 40 120 5 2
128 256 40 300 4 6
64 256 100 120 5 6
16 256 100 120 4 3
32 256 80 200 6 6
64 256 40 300 7 3
16 128 80 300 5 2
32 256 40 120 6 4
32 512 40 80 8 6
32 64 80 120 6 2
16 256 80 300 6 6
128 256 100 200 6 4
128 512 100 200 4 4
16 256 40 80 8 3
32 128 40 120 4 7
32 256 100 120 4 3
16 128 200 300 6 2
16 128 100 300 4 5
128 512 40 200 7 6
32 128 100 300 6 5
32 128 40 300 8 5
16 128 100 300 4 6
64 128 80 300 5 7
64 128 100 300 7 7
128 256 40 200 6 5
64 512 100 300 5 4
16 64 40 80 8 3
32 128 100 300 6 6
32 128 40 300 5 5
16 512 80 200 6 2
32 64 80 120 8 4
16 128 200 300 6 3
16 512 40 300 6 5
16 512 40 300 4 3
64 256 80 300 5 5
32 64 80 300 4 7
128 256 40 300 7 4
64 128 80 200 3 2
16 128 80 120 3 3
32 128 80 300 8 7
32 512 40 200 3 7
16 256 40 300 5 4
32 512 200 300 5 5
16 128 80 300 7 7
128 256 100 120 4 3
16 64 40 120 4 6
64 128 80 300 8 5
32 128 80 120 6 3
32 256 200 300 5 7
64 128 100 300 5 5
64 128 200 300 3 3
16 128 200 300 5 4
128 512 80 300 6 5
32 256 80 200 5 5
32 64 40 120 7 3
64 128 100 200 8 5
32 512 100 300 5 6
16 128 100 120 3 4
16 64 40 200 5 5
128 256 40 200 6 4
32 256 80 120 3 2
16 256 40 300 7 6
64 256 80 200 5 3
32 128 40 120 6 6
128 512 100 120 3 3
32 128 200 300 4 5
32 256 40 300 6 7
32 256 200 300 6 6
16 256 80 120 6 5
64 128 80 300 7 6
32 64 40 200 6 5
16 64 40 300 4 2
64 128 40 200 8 5
32 128 80 300 3 2
64 512 100 200 5 7
128 512 80 200 7 3
32 128 80 120 4 7
64 256 40 80 6 6
64 128 100 200 4 5
128 256 100 120 6 7
16 512 100 120 3 3
16 64 100 300 5 6
128 512 40 300 5 2
64 128 80 120 4 2
64 128 100 120 4 5
32 64 80 120 6 3
128 256 40 200 4 7
32 64 80 120 7 3
128 256 100 120 5 7
32 128 80 200 5 2
128 512 100 200 6 6
64 512 80 200 3 7
16 64 100 120 8 7
64 512 80 300 4 7
128 256 80 120 4 3
32 256 100 300 6 2
64 512 200 300 3 4
32 256 80 300 8 2
64 512 40 80 4 6
128 256 100 300 5 3
64 256 40 200 6 5
16 512 80 120 7 6
16 64 40 80 7 6
16 256 40 300 8 5
32 64 80 200 7 5
16 128 80 200 5 5
64 512 100 120 8 7
16 64 100 120 3 6
32 64 100 300 4 7
32 64 40 80 8 7
64 512 80 300 7 5
16 256 100 120 8 5
64 512 80 120 3 7
128 256 100 120 5 3
128 256 80 200 7 6
128 256 100 200 3 6
64 128 100 120 5 2
32 64 40 120 5 3
16 256 80 200 4 3
128 512 80 120 4 6
32 512 40 80 3 2
32 256 40 120 3 7
64 128 40 120 6 2
16 64 80 200 6 4
64 256 80 120 5 5
128 512 100 300 6 6
32 64 80 120 7 7
16 64 40 80 6 4
16 64 80 300 8 4
64 256 40 300 3 2
16 128 40 80 6 6
64 512 40 80 8 4
16 128 80 120 5 4
64 512 80 200 5 2
64 256 40 80 5 2
32 128 80 200 5 3
32 64 100 200 8 7
64 128 40 120 7 3
128 256 80 120 6 4
16 128 40 200 6 2
16 512 80 200 6 6
128 512 80 300 6 2
16 128 200 300 8 3
16 64 80 120 7 4
64 256 40 200 5 3
32 512 40 80 8 5
16 64 100 300 7 2
16 64 40 80 6 5
16 128 100 200 6 6
32 256 80 300 3 3
32 512 80 200 7 3
32 128 40 300 8 2
32 256 40 80 7 4
128 256 200 300 3 5
64 256 200 300 7 6
16 256 40 120 7 2
32 64 80 120 3 7
16 256 80 200 7 4
64 128 40 80 6 6
32 512 40 200 6 7
16 256 80 120 3 7
32 256 80 200 4 7
16 512 80 120 4 7
16 512 100 200 7 3
64 128 100 120 3 3
16 128 40 80 6 5
16 256 80 300 7 5
16 256 40 80 7 5
32 64 80 200 6 2
64 512 40 80 4 3
16 64 80 200 4 5
64 512 200 300 4 6
64 512 80 120 4 7
16 128 80 300 5 2
64 512 200 300 3 3
16 64 200 300 4 2
128 512 100 200 6 7
16 256 100 200 5 3
32 128 100 120 7 4
64 256 40 300 4 7
16 512 40 300 7 6
64 256 200 300 4 3
64 128 80 200 8 7
16 64 80 200 5 7
32 128 100 300 8 2
16 256 40 80 4 6
32 256 80 300 4 7
32 128 80 300 8 3
16 512 40 80 8 2
64 512 40 200 8 6
64 256 100 120 5 6
32 512 100 200 7 6
16 256 40 300 5 7
64 128 100 120 4 7
32 64 80 120 7 6
64 128 40 120 8 5
32 512 80 300 3 3
64 128 100 300 3 3
32 128 100 300 3 5
16 512 80 120 3 5
64 256 80 120 6 7
32 512 40 120 6 5
16 64 40 80 5 2
32 512 100 200 3 3
32 512 100 200 5 3
32 128 100 300 7 6
16 512 80 120 7 5
64 128 100 120 4 5
16 256 80 120 6 2
64 512 80 120 4 6
128 256 100 300 3 3
64 512 100 300 3 7
32 256 80 200 7 3
32 512 100 200 5 2
32 64 100 300 5 4
128 256 40 80 7 4
32 128 40 120 6 3
16 64 40 300 5 5
64 128 40 200 4 5
32 64 100 120 7 4
128 256 40 80 7 2
64 128 100 300 7 2
128 256 40 200 3 3
32 512 80 120 8 2
64 512 80 300 4 4
128 256 40 200 7 6
16 512 200 300 5 2
16 256 40 200 8 6
64 512 40 200 5 3
64 256 40 300 8 2
16 64 200 300 5 2
16 128 40 80 4 2
32 512 80 300 3 3
32 64 40 120 7 6
64 512 40 300 7 5
128 256 40 80 3 6
32 128 40 200 7 3
64 256 200 300 6 6
64 256 80 300 4 5
64 256 200 300 7 5
16 256 200 300 6 5
16 64 100 300 7 2
32 128 80 300 8 4
16 64 100 120 7 2
32 64 80 120 8 2
32 128 80 300 7 7
32 256 80 120 4 6
16 512 40 120 5 6
32 64 40 300 3 4
64 256 40 120 3 3
16 512 40 200 3 3
16 64 80 120 3 7
32 128 200 300 4 4
128 256 100 120 6 6
64 256 40 200 7 6
32 128 40 200 5 4
16 512 80 200 7 4
16 128 200 300 6 5
64 256 80 300 4 6
16 256 40 120 5 6
16 64 40 120 7 2
64 512 40 200 4 4
64 128 40 120 6 6
32 256 80 200 3 7
128 512 80 300 4 2
64 128 100 120 7 5
64 128 100 200 4 5
16 64 40 120 6 5
16 128 200 300 8 7
128 256 100 120 4 4
32 128 100 120 4 5
64 128 40 120 8 7
16 128 100 200 5 7
32 128 100 200 7 2
64 128 80 120 5 4
32 256 100 300 8 6
64 128 40 120 7 5
64 128 40 200 3 4
32 128 100 120 7 2
32 64 100 300 8 4
128 512 80 300 4 5
16 256 100 200 3 7
16 128 80 120 6 6
16 128 80 300 4 5
32 256 100 200 6 5
32 256 40 80 7 3
16 512 80 200 7 5
64 512 40 80 4 3
128 512 200 300 8 7
16 512 100 300 6 6
16 128 40 120 8 2
128 512 100 300 6 3
32 128 80 200 6 5
32 512 40 120 8 5
32 64 100 300 5 6
128 512 100 200 5 3
32 256 80 120 8 5
64 512 80 300 5 3
32 128 80 300 4 3
64 256 40 80 5 3
64 128 40 200 6 2
32 64 80 120 4 2
64 512 80 300 3 4
32 64 100 120 8 2
64 256 200 300 4 2
64 256 100 200 4 3
64 256 80 200 6 5
16 256 100 200 7 4
128 512 40 300 3 2
32 128 80 300 7 4
64 256 100 120 5 4
128 512 80 200 6 2
16 128 40 120 8 3
16 512 100 120 5 7
16 512 40 200 8 4
16 128 100 200 7 3
32 64 100 300 8 7
32 64 100 300 7 4
32 512 80 120 4 2
128 256 100 200 4 4
16 256 100 200 3 2
128 256 80 120 6 2
64 128 40 300 8 6
16 512 100 300 7 6
128 256 80 120 4 2
128 256 40 300 8 2
64 128 100 120 8 7
64 512 100 200 4 4
16 128 100 200 5 2
16 64 40 200 5 5
64 128 40 120 6 7
64 128 40 200 7 4
32 64 100 200 5 6
64 256 80 300 6 7
64 512 100 120 4 3
16 512 100 300 5 2
64 128 200 300 4 7
32 256 80 300 8 5
32 64 40 80 5 7
16 64 80 300 7 6
64 256 40 80 3 7
32 256 40 300 3 3
32 128 40 120 6 2
32 64 100 120 3 7
128 512 40 80 5 7
64 256 40 300 4 6
128 512 100 300 3 3
32 128 80 300 8 6
64 256 100 200 6 4
128 256 80 300 8 4
32 256 80 120 6 5
32 64 80 120 5 6
32 256 40 200 8 2
32 256 40 120 4 4
32 256 80 120 6 6
16 64 80 300 4 4
16 128 200 300 4 4
16 128 80 300 3 4
16 64 40 200 5 5
32 512 40 80 6 7
16 512 200 300 6 2
128 512 100 120 4 2
16 512 100 300 4 5
128 256 40 120 5 4
64 512 40 200 7 5
32 64 100 120 4 4
128 256 200 300 6 2
64 256 80 200 3 2
16 128 100 300 4 4
32 128 40 80 7 7
16 128 40 300 4 3
32 512 200 300 4 7
128 512 80 120 8 6
64 256 100 300 8 2
16 64 100 200 6 2
128 512 40 200 8 5
32 128 100 200 8 3
64 256 40 300 7 6
64 256 200 300 5 3
16 256 80 120 8 5
64 128 100 120 3 5
32 256 100 300 6 6
16 512 200 300 3 4
16 128 80 200 8 6
32 64 40 80 3 6
32 256 80 120 5 2
32 512 40 120 7 3
16 256 40 80 6 5
16 256 100 200 5 5
32 256 100 300 4 3
128 512 100 300 5 3
32 256 40 200 6 4
16 128 40 120 3 4
32 512 40 80 7 4
128 256 40 200 5 4
16 512 100 120 5 6
64 128 80 200 4 2
16 64 100 120 8 5
64 512 40 300 3 3
16 256 100 120 7 6
128 256 100 300 5 7
64 256 40 120 5 4
64 128 100 120 8 3
16 128 80 200 3 3
32 256 80 120 7 5
16 128 40 300 7 2
32 64 40 300 5 4
128 256 40 300 6 2
128 256 40 120 8 6
64 128 80 300 5 3
32 512 40 300 4 3
32 256 40 80 4 7
16 128 100 200 4 7
16 64 200 300 6 7
64 128 100 120 3 5
64 128 40 80 8 2
16 128 80 200 6 4
64 512 80 120 4 3
64 256 200 300 4 4
32 512 40 300 3 7
64 256 100 120 6 6
32 64 100 120 7 6
128 512 80 200 8 2
16 64 40 200 3 5
16 512 100 200 3 5
16 512 40 200 3 5
64 256 80 300 8 5
16 128 100 200 8 7
128 256 80 200 5 3
32 64 100 120 3 5
16 256 40 300 7 5
64 128 100 120 4 3
64 512 40 120 6 6
16 128 100 120 8 7
32 128 80 200 6 7
16 256 100 200 8 5
32 256 80 300 6 5
128 256 40 300 7 7
128 256 40 300 4 6
64 512 200 300 3 2
32 512 80 120 6 6
16 512 100 120 4 6
32 256 40 80 3 6
32 512 200 300 5 3
32 256 200 300 7 2
32 64 80 300 7 4
32 64 40 80 6 6
32 256 100 200 6 7
64 512 40 200 4 7
64 512 100 300 6 4
128 512 200 300 8 5
16 256 80 300 6 7
64 256 100 200 7 3
64 256 100 200 5 4
16 64 200 300 4 7
128 256 200 300 4 5
16 64 80 300 3 4
32 64 40 300 7 6
16 64 40 200 7 4
16 64 100 120 6 3
32 128 100 120 3 7
64 512 80 200 7 4
32 256 100 200 8 7
32 256 100 300 6 5
128 512 80 200 6 5
32 256 80 200 7 4
128 512 40 200 3 3
32 128 40 120 5 5
16 64 40 80 5 4
32 512 100 300 6 7
16 512 40 200 5 6
128 512 100 300 5 3
128 256 100 200 5 7
64 128 100 300 8 7
16 64 80 200 5 5
16 128 80 120 8 2
128 512 200 300 3 5
16 512 40 120 7 3
128 256 40 300 5 5
64 512 200 300 7 2
16 128 40 300 8 4
16 128 200 300 4 4
16 128 100 120 8 6
64 128 200 300 7 4
16 256 80 300 5 4
16 128 100 300 8 4
32 64 40 200 5 6
128 256 40 200 4 7
128 512 200 300 5 5
64 128 100 200 3 3
64 128 100 300 5 4
32 512 80 300 6 7
32 512 40 300 3 6
16 512 80 120 3 5
32 64 40 300 8 7
32 128 40 80 5 7
64 512 100 300 3 6
16 256 200 300 4 5
64 128 80 300 6 6
16 64 40 300 8 4
64 256 40 300 3 2
32 256 80 120 7 4
32 128 40 80 3 7
128 512 80 300 3 6
16 512 80 120 7 6
64 512 200 300 4 4
32 256 40 120 3 5
32 128 80 300 8 6
16 256 40 200 5 6
32 256 40 120 4 5
32 64 100 120 6 7
64 512 40 120 6 7
32 64 100 200 4 3
32 128 40 200 6 4
128 512 40 80 8 6
16 256 80 200 7 5
32 512 80 300 8 6
64 512 100 120 3 5
16 512 40 300 6 7
32 512 40 80 5 5
64 256 100 200 4 4
128 512 100 300 7 2
64 256 200 300 6 4
32 64 80 300 3 4
32 128 100 120 5 6
16 256 80 300 4 5
16 128 80 120 8 4
32 128 80 120 4 3
16 128 100 300 7 2
16 512 100 200 3 3
16 256 40 120 8 2
32 64 80 300 6 4
32 256 200 300 7 7
128 512 80 200 3 6
32 256 40 300 6 5
32 256 100 300 3 6
64 256 80 200 3 3
32 64 100 120 5 6
64 512 40 120 6 4
32 128 80 120 4 2
16 64 80 120 7 2
128 256 80 200 4 3
32 512 100 120 6 5
16 64 100 120 4 3
32 256 200 300 4 5
32 256 100 200 7 5
32 64 40 300 7 5
64 128 100 200 6 2
64 128 40 120 5 4
128 512 40 300 3 5
32 512 100 120 5 3
16 64 80 300 3 5
128 512 100 300 8 7
16 256 80 120 6 5
64 128 100 200 8 3
32 64 80 200 8 5
128 256 80 200 6 2
16 64 100 300 4 3
32 512 40 200 5 2
32 512 80 120 4 3
16 64 100 300 6 2
16 128 200 300 3 7
16 128 200 300 3 4
64 512 40 80 7 5
32 128 40 300 6 6
128 256 80 120 3 4
128 512 40 200 7 4
32 128 80 300 6 3
64 512 80 300 6 2
32 512 100 120 5 7
128 256 200 300 5 7
64 128 40 80 5 4
16 128 100 120 7 6
16 512 40 120 6 3
16 512 100 200 4 4
16 128 100 120 4 5
32 512 200 300 6 3
64 128 100 200 6 2
32 128 80 120 7 5
16 512 40 120 6 5
32 64 100 300 5 3
16 64 80 300 3 7
128 512 80 200 7 7
16 128 40 200 6 5
16 128 80 300 8 4
16 256 40 300 3 5
16 512 80 300 6 6
32 128 40 120 6 6
16 256 40 300 6 5
64 128 40 120 6 3
16 128 80 300 3 7
16 256 80 200 3 5
16 64 40 80 5 5
32 512 200 300 8 5
128 256 80 120 3 2
32 512 40 300 8 3
64 256 40 120 4 3
16 128 100 300 5 2
32 128 80 200 4 7
16 64 40 80 8 5
32 512 100 120 4 6
128 512 40 300 3 6
16 64 200 300 3 6
128 512 40 200 5 4
16 128 100 120 4 7
16 128 80 120 4 2
16 128 80 200 8 2
128 512 200 300 4 6
128 512 40 300 6 6
128 512 100 200 6 2
64 128 80 120 8 3
64 512 80 200 6 7
128 256 40 120 6 4
16 128 80 300 7 3
16 128 200 300 6 6
64 256 80 120 7 2
128 512 200 300 6 2
16 512 100 200 7 2
64 256 40 200 3 4
32 256 40 80 6 2
64 256 80 200 4 4
16 512 100 120 5 4
16 128 80 120 8 7
16 64 80 200 5 7
32 256 200 300 4 6
32 128 40 300 6 5
64 512 40 300 4 4
32 512 40 120 3 4
64 512 80 300 4 2
64 128 80 300 6 4
16 64 80 120 7 2
16 256 100 120 6 3
64 512 40 120 5 7
32 64 80 120 8 3
128 256 200 300 4 4
32 512 100 120 6 5
32 128 80 200 6 3
16 128 100 200 4 7
32 512 100 200 3 5
16 256 40 120 6 3
64 128 80 200 5 2
32 512 40 200 5 2
32 256 40 120 6 3
32 64 40 120 3 4
16 128 80 120 7 5
64 128 80 120 4 6
32 256 40 80 7 2
64 256 100 200 4 4
16 128 100 120 3 5
128 512 40 200 3 4
128 256 100 300 8 5
64 256 40 300 5 2
64 512 40 120 8 7
64 128 100 120 4 2
32 64 100 120 7 7
16 64 80 300 4 7
32 512 100 120 7 3
64 512 100 300 3 4
16 256 40 200 5 7
128 512 100 200 8 5
32 64 40 300 6 7
64 256 80 300 4 3
128 512 100 300 6 4
32 128 100 300 4 4
16 64 100 200 4 7
32 256 80 120 8 7
64 256 40 120 5 5
128 256 100 300 3 4
32 512 100 300 7 4
32 64 100 300 3 3
64 512 200 300 5 7
16 128 80 120 6 2
16 128 40 80 4 7
16 512 100 200 7 3
64 128 200 300 3 6
16 128 80 200 6 3
64 256 40 300 8 7
32 128 100 300 8 2
64 512 100 200 8 3
128 256 40 200 4 4
32 512 40 300 8 2
16 512 100 120 4 7
32 128 100 200 5 5
128 256 80 200 5 7
16 256 200 300 7 7
16 64 80 300 8 5
16 64 100 120 4 7
32 512 40 200 5 6
16 512 40 200 7 5
64 128 40 300 8 4
32 512 40 300 3 5
64 256 40 120 8 3
64 128 40 200 8 7
16 64 40 120 5 7
128 512 40 200 3 7
16 128 80 120 8 5
16 512 40 300 5 6
32 512 40 200 5 4
64 512 40 300 4 3
32 64 40 120 5 5
16 128 80 120 4 6
128 512 100 300 4 5
64 256 40 120 8 4
32 64 40 120 6 3
16 128 40 200 6 4
32 64 100 300 7 6
32 512 40 300 5 3
128 512 80 120 8 5
16 128 200 300 7 6
128 256 100 300 8 2
64 512 40 120 3 7
32 256 40 120 8 2
16 64 40 200 4 4
64 256 80 200 6 2
64 512 200 300 8 6
16 128 200 300 6 3
32 64 100 120 4 7
64 128 80 200 7 6
16 128 40 300 6 6
16 128 40 80 5 5
32 256 80 200 5 7
64 512 40 200 6 7
16 64 100 300 6 5
16 256 40 200 3 7
32 256 200 300 3 5
32 128 80 300 4 5
64 512 200 300 4 4
64 256 80 200 6 7
16 128 40 120 7 7
128 256 200 300 7 5
128 256 100 200 6 5
16 256 80 200 6 7
128 512 80 200 4 5
32 512 80 300 4 2
16 128 100 300 4 3
128 512 80 120 3 2
32 512 40 80 7 2
32 512 40 300 3 3
64 512 40 80 3 4
16 512 80 120 5 2
16 128 100 200 5 3
16 256 80 300 8 2
32 512 100 120 3 7
32 64 100 300 8 4
128 512 200 300 4 2
64 256 80 300 3 6
128 512 40 200 3 2
32 512 40 300 7 2
128 512 200 300 3 5
16 64 40 80 3 6
32 64 100 120 7 3
128 512 200 300 6 7
32 512 40 120 6 2
32 64 100 200 4 3
32 64 80 300 5 4
16 128 100 120 8 5
32 64 40 80 6 4
128 256 100 200 8 7
64 256 80 120 7 3
16 128 40 120 7 4
64 256 40 80 4 6
32 256 200 300 7 3
16 128 40 120 5 2
32 64 80 200 3 4
32 256 80 200 7 5
32 512 40 120 8 3
32 256 40 80 6 6
16 64 80 200 5 3
16 256 80 120 7 3
16 256 100 300 8 5
32 128 200 300 5 4
128 512 80 300 4 5
16 256 100 120 6 7
16 256 200 300 8 6
16 64 80 120 6 2
32 256 100 120 5 2
64 256 40 80 4 3
32 512 80 120 6 2
64 128 100 120 8 4
32 256 200 300 5 3
64 128 200 300 6 2
64 256 40 300 6 2
32 256 100 120 6 7
16 64 80 200 5 4
16 64 40 120 5 6
64 128 40 80 5 2
16 64 100 300 3 6
128 256 100 120 7 7
16 256 100 120 5 6
16 64 80 300 4 6
16 256 100 120 7 5
32 512 40 80 6 7
64 256 40 200 6 7
128 256 40 200 4 4
64 256 40 200 8 5
32 64 100 300 3 3
128 256 100 200 8 6
64 512 80 120 5 5
16 512 40 200 7 5
64 256 80 200 7 6
64 128 40 120 8 5
32 512 200 300 7 6
16 512 80 120 7 7
16 128 100 300 6 3
32 128 200 300 4 7
128 512 40 80 5 2
128 256 100 200 4 4
32 512 40 200 7 7
32 512 80 120 3 7
64 256 40 200 5 2
64 256 80 200 6 4
32 512 100 120 7 6
128 256 100 300 7 2
16 256 40 80 6 5
16 64 200 300 6 4
64 512 80 300 8 3
128 512 40 120 5 3
64 128 40 300 3 5
16 128 100 200 7 6
32 64 80 200 7 2
16 512 80 120 4 6
16 128 80 300 6 3
32 64 100 200 4 4
16 256 40 80 5 2
128 512 80 300 6 2
32 512 40 200 4 7
16 128 40 120 6 2
32 256 100 120 5 4
64 128 80 200 4 3
128 512 40 120 4 7
128 512 80 120 5 7
16 128 40 300 8 6
64 256 40 300 4 5
32 64 100 120 5 6
32 256 40 80 3 2
16 64 200 300 7 7
16 128 100 300 3 5
16 64 40 120 4 6
32 512 100 120 4 5
128 512 80 200 3 2
64 256 80 200 5 3
32 128 40 120 5 7
32 64 40 120 8 4
128 256 80 200 6 2
16 64 100 300 3 3
32 64 80 300 4 7
64 256 40 120 8 3
16 512 100 120 4 5
32 256 100 300 3 4
32 64 200 300 6 7
128 256 80 120 4 4
64 512 40 300 4 7
16 128 100 200 4 2
32 128 80 200 7 5
64 128 40 120 3 4
16 512 80 120 3 7
64 256 40 200 6 5
32 512 100 200 7 4
128 256 40 300 8 5
16 512 40 300 6 6
128 256 80 300 3 6
32 128 40 80 3 6
16 128 40 300 5 3
64 128 40 80 4 3
16 512 100 200 4 6
128 512 100 200 6 3
32 256 40 120 8 7
32 128 80 200 7 7
64 256 80 120 3 5
128 256 80 120 8 5
64 128 80 120 4 4
128 256 40 120 8 5
16 64 200 300 4 5
128 512 100 200 3 7
32 512 80 300 4 2
128 512 80 200 6 2
16 128 80 300 4 6
32 512 80 120 4 3
64 128 40 80 8 7
16 256 40 80 4 5
32 256 80 300 4 3
64 256 40 200 6 7
32 256 100 200 3 3
64 128 80 300 6 3
16 64 40 200 4 7
16 512 40 300 7 7
16 128 100 200 7 6
128 256 40 200 8 3
16 256 80 300 6 5
64 256 40 200 4 7
128 256 40 80 4 3
128 256 80 300 3 5
32 64 40 80 3 4
32 64 80 200 3 7
16 256 100 120 6 7
128 512 40 120 6 2
16 256 200 300 3 5
32 512 100 200 8 2
16 128 100 200 7 7
32 512 80 200 5 5
64 256 40 300 8 7
128 512 80 120 5 2
16 256 100 300 6 4
16 512 80 300 8 4
16 512 40 300 5 2
64 128 80 120 7 6
32 256 80 300 3 5
128 512 80 200 3 3
32 512 200 300 8 4
32 128 80 300 3 6
16 64 80 200 8 7
64 256 100 120 8 6
128 256 80 200 6 4
32 512 80 300 8 3
16 256 80 300 3 4
16 256 100 200 4 5
64 512 200 300 4 4
16 256 40 80 4 7
128 512 100 120 6 3
32 128 80 120 7 3
16 128 80 300 5 2
64 256 100 120 5 3
16 128 40 200 3 4
32 64 80 120 3 5
64 256 80 200 8 6
32 512 40 300 8 3
16 128 80 300 3 6
16 256 40 200 5 5
32 256 40 300 8 3
32 512 200 300 4 4
64 128 200 300 3 5
16 512 100 200 8 6
128 512 100 200 7 2
128 512 100 200 5 2
128 512 100 300 8 6
64 512 100 120 5 4
128 256 100 300 8 5
16 128 80 200 3 6
16 256 100 300 4 4
16 128 40 120 3 3
32 128 40 120 7 4
128 512 80 120 4 3
64 256 100 200 8 2
16 256 200 300 4 2
64 256 80 200 8 5
32 128 80 200 5 6
16 64 100 300 4 7
16 64 100 200 4 6
128 512 100 300 6 4
128 256 200 300 7 2
128 512 80 300 8 2
64 128 100 200 4 4
128 512 80 200 7 7
16 512 80 200 8 6
128 256 80 120 8 2
64 512 40 80 5 4
16 64 100 300 7 4
32 64 40 200 5 3
32 256 80 120 7 7
32 64 200 300 3 7
32 512 40 80 8 4
64 512 40 120 6 6
32 512 100 300 7 3
32 512 40 120 6 6
16 256 40 200 6 2
64 256 40 120 3 2
32 128 40 300 5 7
64 128 80 200 6 5
16 512 200 300 5 3
16 256 200 300 3 4
128 256 40 200 7 3
16 128 40 120 6 3
32 256 40 300 7 7
16 512 80 200 7 7
128 512 100 200 7 5
16 64 100 300 3 6
16 512 100 200 4 5
16 128 80 300 5 5
32 256 200 300 5 5
64 512 80 200 3 4
32 128 200 300 5 7
16 256 80 120 6 6
32 64 100 200 5 2
32 64 80 120 3 7
32 512 40 120 8 2
64 512 40 80 3 7
64 128 40 200 8 2
64 512 40 120 7 7
16 512 80 300 7 6
32 128 100 200 7 6
32 128 100 200 7 6
16 256 80 300 7 4
32 256 100 200 3 7
64 256 80 200 7 6
32 512 80 300 6 7
32 128 80 120 8 2
32 512 40 120 7 3
16 256 100 120 8 3
32 256 80 120 5 5
16 64 200 300 7 3
16 512 40 300 8 2
16 512 200 300 5 5
128 512 40 300 8 2
16 256 80 200 5 3
32 512 80 300 6 2
16 128 100 300 5 2
64 128 40 80 7 4
64 256 200 300 6 7
128 512 100 300 4 6
