2000 2 0
8192 1500
16 64 5 20 3 5
4 64 80 120 5 5
4 16 50 60 5 7
4 8 50 60 8 6
8 128 5 120 3 5
8 128 80 120 4 5
8 64 5 60 5 6
32 64 80 120 7 6
16 128 5 10 8 4
4 32 5 60 7 6
4 128 20 120 6 5
64 128 20 120 8 5
32 64 20 60 3 6
4 32 20 60 7 7
16 128 50 60 3 7
32 128 50 60 6 3
32 64 20 60 3 6
16 32 5 120 4 3
8 16 50 120 4 7
8 64 20 120 3 6
32 128 5 120 6 7
32 128 50 120 5 5
4 8 5 60 6 6
4 8 80 120 3 3
32 128 50 120 4 3
4 16 20 60 5 5
8 64 20 60 6 5
8 128 50 60 4 2
8 16 5 120 8 4
8 16 5 10 8 7
16 64 5 120 7 5
8 64 5 60 3 6
4 64 50 60 6 3
4 16 20 120 7 5
64 128 20 120 3 4
4 16 80 120 8 2
8 128 5 10 4 4
8 32 20 120 6 7
8 64 5 10 5 7
8 16 5 10 8 3
4 32 80 120 8 7
4 64 20 60 7 7
8 16 5 10 6 6
4 8 20 120 7 2
16 128 20 120 3 7
8 16 5 60 3 6
16 32 5 10 4 6
8 32 5 10 4 7
4 32 50 120 4 6
4 128 20 60 6 5
4 16 20 120 7 7
32 64 5 20 6 3
4 16 5 20 4 4
8 16 20 120 4 7
4 16 80 120 4 6
4 64 20 120 7 5
32 64 5 60 7 7
4 128 20 120 7 3
32 64 5 120 4 6
16 32 20 120 7 5
8 128 80 120 3 3
8 32 50 60 5 6
4 16 5 60 8 3
16 32 80 120 4 4
16 128 50 60 4 7
8 64 50 60 3 2
4 128 5 20 7 2
64 128 50 60 4 7
16 64 80 120 8 2
4 16 20 120 3 2
4 32 20 60 3 6
8 64 50 60 3 2
16 32 5 10 3 6
8 128 20 60 8 2
8 128 20 120 5 2
4 8 5 10 3 6
16 64 80 120 7 5
16 128 5 120 8 4
4 8 5 120 4 3
4 8 20 120 4 7
32 64 5 10 5 6
8 32 5 10 6 3
8 64 80 120 6 4
64 128 50 120 7 2
4 64 50 60 4 2
16 128 5 120 5 5
8 128 20 60 5 2
16 128 5 60 5 4
32 64 5 60 3 7
4 64 50 120 3 3
16 32 20 120 3 6
8 128 20 60 6 5
16 128 50 120 5 4
4 8 5 20 5 6
32 128 5 10 7 3
16 64 5 20 3 2
8 32 50 120 5 6
32 64 5 60 5 4
16 128 20 60 7 4
32 64 5 20 7 5
32 64 20 120 5 6
32 128 5 20 5 3
8 16 20 60 6 7
32 64 80 120 7 3
4 32 20 120 5 4
16 32 20 60 8 7
8 128 50 120 8 2
4 16 50 60 7 5
16 32 5 10 3 4
16 128 50 120 7 3
4 64 50 120 8 5
4 16 5 20 7 5
4 16 20 60 3 6
16 32 5 10 5 4
32 64 20 60 6 6
16 32 50 120 3 3
4 8 5 10 4 3
8 128 20 60 4 6
16 32 5 10 5 5
16 32 5 120 8 6
8 16 5 20 7 5
8 64 5 120 8 7
64 128 5 120 6 3
64 128 5 10 4 2
8 64 5 120 4 4
8 128 5 120 3 3
32 128 5 20 3 4
8 16 50 120 7 4
64 128 50 120 3 5
4 32 5 10 4 3
8 16 50 120 3 2
16 32 80 120 3 5
8 16 5 60 6 3
16 64 50 60 3 7
4 16 50 120 4 4
8 16 50 60 5 5
4 8 5 60 7 3
16 128 5 60 8 6
8 16 80 120 6 2
4 128 5 60 7 4
4 64 5 20 7 5
8 16 50 60 7 6
32 128 80 120 7 3
16 128 50 120 6 7
16 128 20 120 7 2
8 32 80 120 3 2
16 64 5 10 5 2
8 16 5 10 7 2
4 64 5 10 8 5
4 8 80 120 4 3
4 8 20 120 3 2
8 64 5 60 6 3
4 64 5 120 6 7
32 64 5 120 6 7
8 128 50 60 3 6
4 32 5 60 4 6
4 64 20 120 5 2
16 32 5 20 5 6
4 64 5 60 3 7
4 8 80 120 3 6
4 16 5 60 5 2
32 64 20 120 5 4
8 32 5 120 7 5
32 64 80 120 5 4
32 128 5 10 7 5
32 128 5 120 8 6
16 64 50 60 5 6
8 16 5 120 3 4
8 64 5 120 7 7
4 8 5 120 6 4
4 16 5 10 3 6
4 64 5 60 6 4
16 128 5 20 8 4
4 128 5 20 6 5
4 16 80 120 7 5
8 128 5 20 6 2
32 64 20 120 4 2
8 32 5 10 6 4
16 32 80 120 6 4
16 32 5 60 4 5
8 64 5 20 3 2
8 16 5 20 8 2
8 32 5 20 7 2
4 8 50 60 8 7
16 32 50 120 6 6
16 64 20 60 4 6
8 32 50 60 3 4
16 64 80 120 8 3
4 64 5 60 6 2
16 128 20 60 5 5
8 128 20 120 3 5
32 64 5 20 7 2
4 128 80 120 4 5
16 64 20 120 8 5
16 128 5 120 4 2
64 128 5 60 7 3
4 128 50 120 6 7
16 128 5 120 4 3
64 128 5 10 5 4
64 128 80 120 7 2
16 32 50 60 3 6
8 32 80 120 7 7
16 32 5 120 6 2
8 128 5 10 4 7
4 32 50 60 5 6
16 64 50 60 3 2
16 64 50 120 8 7
4 64 50 60 3 3
32 128 5 120 5 2
8 16 5 10 8 4
64 128 20 120 3 2
32 64 5 10 4 7
4 8 20 120 4 5
64 128 20 120 7 5
16 32 20 120 8 4
16 32 20 60 8 2
8 16 5 20 3 3
4 128 5 60 3 6
32 128 80 120 3 6
4 8 5 120 6 5
16 64 5 120 5 4
4 32 5 20 4 4
16 128 5 120 5 3
16 32 20 60 3 5
4 128 5 10 3 4
4 8 50 60 7 7
8 128 20 120 3 6
4 64 20 120 5 3
16 128 50 120 4 3
4 16 50 60 6 2
8 128 5 20 3 6
4 32 50 60 5 3
8 64 50 60 8 4
4 64 5 60 5 3
4 64 50 60 7 5
16 64 5 60 4 7
8 128 20 60 3 2
8 128 5 20 7 7
32 64 5 120 7 7
8 128 50 60 8 2
4 128 20 60 3 7
16 128 5 10 4 5
32 128 20 60 5 7
32 64 20 60 6 6
16 32 5 60 5 4
8 128 5 60 7 2
8 64 5 10 6 5
32 128 20 120 5 7
16 64 80 120 6 5
4 32 50 60 4 6
64 128 5 10 8 4
16 32 50 120 3 4
4 16 5 60 5 5
8 128 50 60 5 2
8 128 5 10 4 5
16 128 5 60 8 7
16 64 20 60 8 3
8 16 50 120 6 7
4 16 5 60 8 6
8 16 50 120 7 6
4 8 5 10 3 7
4 16 20 60 6 3
4 8 20 60 4 2
4 128 50 120 4 3
32 128 20 120 4 2
64 128 80 120 7 3
8 16 5 120 8 6
4 32 50 60 5 5
4 32 50 120 8 4
4 16 50 120 3 6
16 64 50 60 4 7
16 64 5 20 3 3
4 8 5 120 4 3
4 8 20 120 5 7
8 32 5 10 4 7
4 128 20 60 5 6
16 128 5 20 7 2
8 32 20 120 4 3
4 32 5 120 7 2
8 128 5 120 8 5
8 64 5 20 6 3
8 16 5 60 4 4
8 64 20 60 3 7
64 128 80 120 3 6
16 32 5 120 4 4
32 128 20 60 3 4
8 64 5 10 5 2
32 64 20 60 7 6
32 128 5 120 7 4
4 16 5 120 3 5
16 64 5 60 3 5
8 32 50 120 8 5
4 8 50 120 6 7
16 64 20 120 3 4
4 128 5 20 8 4
4 64 5 20 4 3
8 16 20 120 4 4
16 32 20 60 6 2
16 64 5 10 6 7
4 8 50 60 4 5
4 128 80 120 5 4
32 64 5 20 7 4
16 128 5 10 6 3
16 64 5 10 4 6
4 8 5 60 5 2
16 32 5 60 7 2
4 16 80 120 4 7
4 16 50 60 5 6
8 16 50 120 8 3
8 32 5 120 3 7
16 128 50 120 3 3
16 64 20 60 7 7
8 128 50 60 4 7
8 32 50 60 5 7
8 128 50 60 4 7
8 128 5 20 6 4
4 16 5 20 5 3
8 32 5 20 5 4
4 8 5 20 7 4
8 128 50 60 6 5
16 32 5 60 7 2
8 32 5 60 3 2
64 128 5 20 3 6
8 128 50 120 6 4
4 16 5 20 3 2
8 16 5 10 8 6
32 64 5 10 5 5
16 128 5 120 7 2
8 32 50 60 7 5
4 16 50 60 5 7
32 128 50 120 8 5
8 32 50 60 7 5
64 128 5 10 8 7
8 64 5 60 8 3
16 32 50 60 3 3
4 32 50 120 8 3
4 128 20 120 7 4
4 128 5 10 8 4
8 64 5 120 5 6
64 128 5 120 4 6
4 32 5 120 7 7
4 8 5 20 7 3
8 64 50 120 8 3
16 64 50 120 8 4
64 128 50 60 6 6
16 128 20 120 6 6
32 64 50 120 8 4
16 128 5 20 5 2
4 8 20 60 8 5
4 16 20 120 3 3
32 64 5 20 4 4
8 64 50 120 6 5
4 16 5 120 5 2
16 128 20 60 4 3
4 16 20 60 8 4
8 64 80 120 7 4
4 32 5 120 8 4
16 32 5 120 5 6
4 64 50 60 4 5
8 64 50 60 7 6
32 128 5 120 7 7
8 128 20 60 8 2
8 32 50 120 7 4
16 32 50 120 4 2
32 128 5 120 7 3
4 64 5 60 5 5
8 16 50 60 7 5
8 64 50 60 4 6
8 64 5 120 6 3
8 32 5 60 5 7
8 32 50 120 5 3
8 128 5 20 7 4
8 64 20 120 3 6
8 32 20 120 5 7
16 32 80 120 7 6
8 128 5 20 3 2
8 32 20 120 4 6
8 64 50 60 3 4
32 128 50 60 5 2
8 64 50 60 8 5
8 16 20 60 6 7
8 128 5 20 3 4
4 64 5 60 4 3
32 128 5 20 7 6
4 32 5 60 5 6
16 64 5 60 5 7
32 128 5 10 4 4
16 32 50 60 3 2
4 8 80 120 8 6
64 128 20 60 7 5
32 128 5 10 5 2
64 128 5 20 3 2
4 16 5 60 4 3
64 128 20 60 3 3
8 128 50 60 3 2
8 64 20 60 3 2
16 32 20 60 6 5
4 16 5 10 5 3
16 128 5 120 5 5
8 16 5 120 3 5
64 128 5 20 4 7
8 128 5 120 7 3
4 8 5 60 5 4
8 16 5 60 6 4
16 64 50 60 7 6
4 32 80 120 6 7
16 128 5 10 4 4
4 16 80 120 7 3
8 32 80 120 6 2
4 16 5 60 8 3
4 64 20 120 6 7
64 128 20 60 6 3
8 64 5 60 3 6
8 64 80 120 7 6
64 128 80 120 8 3
8 128 50 120 3 7
8 128 20 120 7 6
8 128 5 10 5 6
32 128 80 120 4 6
16 128 50 60 4 2
32 128 5 120 3 7
64 128 5 60 8 7
8 128 20 120 3 5
8 64 5 120 3 4
8 16 5 60 4 2
8 128 80 120 4 5
8 128 5 60 6 5
8 32 5 10 4 6
4 32 5 60 8 3
4 64 5 10 5 2
8 16 50 120 3 3
8 128 20 120 3 3
8 64 20 120 8 5
16 128 5 120 5 4
4 8 5 60 3 7
4 128 5 10 5 6
32 128 50 60 4 7
32 128 5 120 5 2
32 64 80 120 4 6
8 16 5 20 8 5
4 8 50 120 8 2
16 128 5 60 7 7
32 64 5 20 3 5
8 16 80 120 6 2
16 64 80 120 7 4
4 16 20 120 4 6
16 32 5 60 4 4
16 64 5 120 8 6
16 32 5 60 8 4
16 64 50 120 5 3
64 128 5 60 6 2
32 64 5 10 7 4
32 64 50 120 4 6
4 16 80 120 7 6
8 64 5 20 6 3
4 128 5 60 3 6
32 64 5 120 6 3
16 32 5 20 8 2
32 128 20 60 4 7
16 64 5 10 8 7
8 16 5 20 6 7
4 128 50 60 5 5
4 128 5 10 8 2
4 32 50 60 7 7
4 128 20 60 6 2
4 16 20 60 5 3
32 64 20 60 7 3
8 64 5 10 3 4
16 32 50 60 3 3
4 128 5 120 3 4
16 128 5 20 4 7
4 64 20 60 3 3
8 64 50 120 5 6
4 32 50 60 4 4
8 16 20 60 7 6
64 128 50 60 5 3
8 64 20 120 8 6
4 32 20 60 4 3
8 128 50 60 7 5
4 16 5 120 7 5
64 128 5 20 7 5
4 16 80 120 6 5
64 128 20 120 6 4
64 128 50 60 6 5
8 32 20 60 3 2
16 128 5 10 8 2
4 32 50 60 5 6
16 64 20 120 4 3
4 8 50 120 3 4
64 128 5 20 7 4
4 8 5 60 6 2
32 64 5 60 3 2
16 128 5 10 6 3
4 64 50 60 7 2
16 128 20 120 8 7
4 16 20 60 3 7
8 64 50 120 7 3
8 32 80 120 4 6
16 64 50 120 4 5
4 128 80 120 4 4
64 128 20 60 5 6
4 32 20 60 8 5
4 16 5 60 3 2
8 64 20 120 5 2
4 8 5 120 8 7
16 32 5 60 3 4
8 16 5 120 3 2
8 32 80 120 4 7
8 32 50 60 6 6
4 64 5 20 8 6
4 32 20 60 3 2
4 8 50 60 7 6
8 128 20 60 8 7
16 32 5 120 5 6
16 32 5 10 8 6
8 32 50 120 7 6
4 8 50 120 5 4
4 64 5 20 7 6
16 64 50 120 8 4
8 128 20 60 4 4
16 64 5 20 5 2
8 16 20 120 5 6
4 16 50 60 8 7
8 64 20 60 6 3
8 64 5 10 8 7
4 64 5 60 3 4
64 128 5 10 5 4
4 64 20 120 7 7
16 128 20 60 5 4
8 64 5 10 4 6
4 32 80 120 3 2
8 128 5 10 5 7
16 64 5 120 6 6
16 32 20 120 8 4
4 16 50 60 7 4
8 128 5 60 6 3
8 64 20 120 8 4
8 16 5 10 5 6
4 64 20 60 7 6
4 128 5 10 7 2
8 32 20 60 8 3
8 64 20 60 8 5
8 64 50 120 4 3
16 32 5 120 7 2
32 64 5 120 5 2
8 32 50 120 5 2
4 128 80 120 7 5
4 32 20 120 7 4
16 32 5 60 3 7
32 128 50 60 3 5
4 8 5 20 5 3
4 32 5 120 4 2
4 64 5 120 8 5
16 128 20 120 7 2
8 64 20 60 8 6
8 128 80 120 7 4
8 128 5 20 3 6
32 64 50 60 4 7
4 64 5 120 6 3
4 32 20 120 4 4
4 16 5 10 5 3
16 32 5 10 8 2
4 8 5 60 5 4
16 32 5 120 4 5
4 64 5 10 6 6
4 128 80 120 3 6
32 64 5 60 8 7
8 64 5 10 4 2
8 128 50 60 8 7
16 64 5 20 5 4
8 32 50 120 5 7
16 128 20 120 4 5
32 64 50 120 8 2
8 128 5 20 8 6
8 64 5 10 6 3
4 32 5 10 5 7
4 8 5 60 8 5
8 32 5 10 8 3
4 16 5 20 3 7
32 128 5 120 8 7
4 32 20 120 4 2
4 64 5 60 5 2
32 128 20 60 3 7
16 128 80 120 4 7
4 32 20 60 8 6
16 128 50 120 4 4
8 16 5 120 4 6
4 8 20 120 6 6
32 64 20 60 8 5
32 128 5 120 8 4
16 64 50 60 7 7
4 16 5 60 5 2
16 64 5 20 5 2
16 32 50 120 8 6
8 128 5 60 5 6
16 64 80 120 7 5
4 16 5 60 5 5
8 64 50 120 6 5
4 8 5 60 6 4
8 16 50 120 5 6
8 32 5 120 3 5
8 16 5 60 3 3
4 8 20 120 4 2
16 64 5 20 5 2
4 32 50 60 5 7
4 16 50 60 7 2
4 128 5 20 4 2
4 8 20 60 5 2
4 16 5 60 5 3
8 64 5 20 6 2
8 64 5 20 4 7
32 128 5 10 3 2
32 128 5 10 6 7
16 32 5 60 8 3
64 128 50 60 3 4
32 128 50 120 6 2
16 128 50 60 5 5
16 64 20 120 4 5
8 16 20 120 7 7
4 64 20 60 3 6
8 64 5 120 6 5
16 32 50 120 4 6
4 64 80 120 4 2
4 128 80 120 7 6
4 64 50 60 5 6
64 128 50 120 8 3
8 16 80 120 3 5
8 32 20 60 3 2
64 128 50 120 8 6
8 16 5 10 4 5
64 128 20 120 5 6
64 128 5 120 5 5
4 8 5 120 3 5
8 128 50 60 6 2
8 32 5 120 4 4
8 128 50 120 4 4
16 64 20 60 7 2
4 64 50 120 6 3
32 64 5 60 8 5
16 64 80 120 7 5
8 32 5 10 4 5
16 32 50 60 8 7
8 64 20 60 7 4
16 64 5 10 6 5
16 32 80 120 6 5
4 16 80 120 3 2
4 128 5 20 4 5
4 8 20 120 3 6
4 32 50 120 5 2
4 8 20 120 4 3
16 64 5 60 6 2
32 64 20 60 6 3
64 128 80 120 6 4
16 64 20 60 7 7
8 128 5 10 7 2
8 32 50 60 3 7
32 64 50 120 8 7
4 8 5 20 3 4
4 8 5 120 7 4
16 64 5 20 8 3
8 64 50 120 7 7
4 128 20 120 8 3
16 64 80 120 7 3
16 32 5 120 6 2
4 32 5 60 5 2
4 16 80 120 4 7
16 64 20 60 6 4
4 128 50 120 5 3
16 32 80 120 5 4
4 128 5 20 8 5
32 64 5 120 8 3
8 16 50 60 6 5
4 8 5 20 7 3
8 64 5 20 5 2
64 128 20 60 5 3
8 32 5 10 7 5
4 32 5 120 7 3
64 128 80 120 5 3
8 64 5 60 4 7
4 8 5 120 3 7
4 128 5 10 8 4
16 128 20 120 6 5
4 8 20 60 5 7
4 8 5 20 8 4
4 16 80 120 8 6
16 32 5 20 7 7
32 64 5 120 8 2
16 32 5 120 7 3
16 32 50 60 5 4
4 16 20 60 4 2
4 32 5 60 5 3
8 32 5 60 7 2
32 64 80 120 6 4
4 32 5 10 5 5
32 128 50 120 6 7
8 16 50 60 5 3
4 128 20 120 8 4
4 32 5 60 8 5
16 32 5 20 4 5
8 32 80 120 4 6
16 32 80 120 6 3
32 128 80 120 3 7
4 16 20 60 5 6
32 128 5 20 4 6
4 128 5 120 6 5
4 128 5 20 6 6
16 64 50 120 7 5
16 64 5 120 6 2
4 64 5 60 4 4
8 32 5 120 8 2
32 128 5 60 6 7
8 128 5 20 4 5
4 32 5 20 8 3
4 32 5 60 3 7
16 64 20 120 5 6
32 128 5 60 4 6
16 64 5 60 7 6
4 32 20 120 7 4
4 128 5 60 6 5
16 64 50 120 6 4
4 64 5 120 7 3
8 128 80 120 7 7
16 64 5 120 7 2
4 16 5 60 4 3
4 128 80 120 8 4
8 128 50 60 3 4
8 64 5 120 8 7
64 128 50 120 4 7
4 32 5 20 3 7
16 64 50 120 6 2
32 64 20 60 7 5
8 16 20 60 3 3
8 128 5 20 5 6
8 128 5 20 3 3
16 64 50 60 6 7
32 64 80 120 5 6
4 32 20 120 8 2
8 128 5 120 5 6
4 32 20 60 5 4
4 16 80 120 7 4
4 32 20 120 5 3
4 32 5 60 7 5
32 64 50 60 3 7
32 64 50 60 6 3
8 32 20 120 7 5
4 128 5 60 4 5
4 16 5 20 7 6
4 64 5 60 8 7
16 32 50 60 5 6
4 128 50 120 8 2
16 128 80 120 7 5
4 32 20 120 8 5
32 128 20 60 4 5
64 128 5 120 6 5
4 8 5 60 3 3
16 64 50 60 5 7
8 32 20 120 5 4
4 8 20 60 8 5
16 64 50 60 6 7
32 64 5 60 7 5
8 16 5 10 8 3
16 64 5 120 4 2
32 64 50 120 6 5
32 64 5 20 5 5
8 64 50 60 7 4
64 128 20 120 8 3
8 128 50 120 7 4
4 16 50 120 8 5
4 32 20 120 8 4
4 128 50 60 5 4
4 32 50 120 3 6
4 16 50 120 4 4
8 32 5 20 7 2
8 16 20 60 8 5
8 64 50 60 6 4
16 128 5 60 7 3
4 128 50 60 8 3
8 16 5 10 5 2
4 64 5 60 4 5
8 64 5 120 5 3
32 64 80 120 8 5
8 64 20 60 5 5
8 64 5 10 7 2
8 32 5 120 6 6
16 128 5 120 4 3
4 64 80 120 3 3
32 128 80 120 6 3
8 32 5 60 8 6
4 64 80 120 7 6
32 128 20 60 3 5
4 16 50 120 5 3
4 8 5 20 5 6
64 128 20 120 5 5
16 32 5 120 6 7
8 128 20 60 6 5
8 64 50 60 8 6
4 8 20 60 7 7
64 128 5 60 7 6
16 128 20 120 7 4
8 64 20 120 6 2
16 32 20 60 3 3
4 128 20 60 6 3
32 64 5 10 3 4
4 16 5 20 8 2
8 32 80 120 8 5
4 16 50 60 3 5
8 16 5 10 7 2
4 32 5 10 8 5
4 64 20 120 8 6
8 16 5 10 3 5
4 128 5 20 5 6
16 32 5 120 8 5
4 128 5 10 6 5
8 16 5 10 7 5
32 128 5 60 6 2
16 32 5 10 4 3
8 64 50 120 7 5
64 128 50 60 7 4
4 16 80 120 6 6
8 64 80 120 8 5
32 128 20 60 5 2
8 32 20 120 7 2
4 16 5 120 5 2
64 128 50 120 3 3
16 32 50 60 3 7
4 32 5 60 7 4
16 64 5 20 8 2
8 32 5 20 4 3
16 128 5 60 3 2
4 32 5 10 7 7
64 128 5 10 8 3
8 128 5 20 4 6
8 16 5 120 7 5
4 64 5 60 6 5
4 8 5 120 4 4
8 16 80 120 4 5
4 128 20 120 6 6
4 8 5 120 5 2
16 32 50 60 5 2
4 16 80 120 4 2
32 64 50 60 8 7
4 8 50 120 7 4
64 128 80 120 3 6
8 64 80 120 5 4
4 32 5 20 5 5
64 128 50 120 4 2
32 128 5 120 7 5
4 32 20 60 4 4
8 128 5 120 7 4
4 64 20 120 8 7
16 128 50 120 3 2
32 64 80 120 6 4
32 128 80 120 5 2
8 64 5 120 7 4
16 64 5 20 7 4
8 16 50 120 5 6
16 128 80 120 5 4
8 32 5 60 8 5
4 8 5 60 6 7
16 64 50 120 8 6
8 16 5 10 8 2
16 64 5 60 4 3
8 128 50 120 4 6
32 128 50 120 6 4
4 16 50 120 8 6
4 64 5 10 4 3
16 128 50 120 7 6
8 128 50 60 8 3
8 16 20 60 5 5
16 128 5 60 5 6
4 16 5 60 7 2
16 32 20 60 6 6
4 8 50 120 3 2
8 64 80 120 5 3
32 64 50 120 7 7
32 64 20 60 5 3
4 128 50 120 6 6
4 8 5 10 3 6
4 64 80 120 8 6
32 64 50 120 6 5
4 64 50 60 4 6
16 64 20 120 4 7
16 64 80 120 5 2
8 16 5 20 6 7
32 128 5 120 7 3
4 16 5 120 4 5
32 64 50 120 8 6
4 32 50 60 7 5
4 32 80 120 5 3
4 64 80 120 8 5
4 64 5 120 7 4
4 128 5 10 5 6
16 128 5 120 6 2
4 8 5 60 6 3
4 8 20 60 4 2
4 8 50 60 4 2
8 32 20 60 7 3
16 32 50 60 3 5
4 128 5 20 8 4
16 128 20 60 7 6
4 64 20 60 8 4
4 64 50 120 8 3
4 8 20 60 7 6
16 64 5 10 8 5
32 64 5 60 6 4
4 32 5 60 4 3
4 8 80 120 8 5
4 64 5 10 6 2
4 128 20 120 4 4
32 128 5 20 4 6
4 32 5 10 4 7
8 128 80 120 5 6
8 16 50 120 4 6
8 128 5 10 7 7
64 128 50 120 6 4
4 16 20 60 7 6
8 128 50 120 4 5
8 16 50 60 5 2
4 16 50 60 8 3
4 128 50 120 7 3
4 8 50 60 6 5
8 16 50 120 4 4
64 128 50 120 5 7
4 16 50 120 4 4
64 128 5 20 6 5
8 128 5 60 4 3
32 128 20 60 6 6
8 128 20 60 7 3
4 32 5 20 7 2
4 128 20 120 6 2
4 16 50 60 5 4
4 128 5 10 6 2
16 32 5 60 8 5
32 64 5 120 7 4
64 128 50 60 8 4
32 128 5 20 7 5
8 16 80 120 4 5
4 64 50 120 8 3
64 128 80 120 7 3
32 128 5 60 3 6
4 8 20 120 4 2
4 16 5 60 3 7
16 128 5 10 8 6
4 32 80 120 5 7
8 64 5 20 3 4
16 128 5 10 5 6
4 64 5 10 3 5
8 128 20 120 5 6
4 16 80 120 3 6
64 128 50 60 4 4
4 128 5 120 3 6
16 64 20 60 5 7
4 16 20 120 4 6
32 128 5 60 5 7
8 64 80 120 5 2
4 16 50 60 8 5
4 64 20 60 6 5
32 64 20 120 8 4
16 128 20 120 8 2
4 64 50 120 5 6
4 16 5 120 3 4
4 64 5 10 8 3
8 64 20 60 4 2
4 128 20 60 7 4
8 128 20 120 8 4
4 64 50 60 3 2
8 16 5 10 4 5
8 128 20 120 7 7
64 128 50 120 5 6
4 8 5 20 6 5
16 128 5 120 7 6
32 64 5 20 7 5
32 64 20 60 6 2
4 32 50 60 4 3
8 128 5 10 7 7
8 64 5 20 6 3
8 64 20 120 6 7
32 64 5 20 3 5
4 32 5 120 6 6
16 64 80 120 5 3
32 128 50 60 4 7
4 16 5 20 7 3
16 64 5 120 8 7
64 128 20 60 4 2
8 128 50 120 3 5
4 64 5 120 4 2
8 16 80 120 3 3
16 64 80 120 3 6
4 32 5 120 4 4
4 32 5 60 8 7
32 128 5 120 4 2
8 128 5 20 6 6
32 128 5 120 4 5
4 64 50 120 3 6
8 64 5 20 7 3
4 128 5 120 5 5
64 128 80 120 7 2
64 128 80 120 8 7
4 128 5 20 3 4
32 64 5 60 5 2
32 128 20 120 8 3
4 64 20 120 5 7
8 32 50 120 6 5
8 64 50 120 4 2
32 64 5 120 6 2
16 128 80 120 8 7
16 32 20 120 6 3
8 64 5 60 7 5
16 128 50 60 4 7
4 8 50 60 4 2
8 32 5 120 6 7
4 128 50 120 3 5
4 16 5 20 4 5
4 16 5 20 3 6
4 128 20 120 4 5
32 128 5 10 4 4
4 64 50 60 5 3
64 128 5 20 3 7
32 64 5 120 4 7
32 128 5 10 5 6
4 8 5 10 5 3
4 64 5 20 7 2
8 128 5 10 6 3
4 128 5 20 4 4
16 32 20 60 6 5
8 64 50 120 4 5
32 64 5 120 6 5
4 64 20 120 3 5
8 32 5 20 4 4
8 64 5 120 6 3
4 32 5 120 5 6
4 16 20 120 6 5
8 128 5 20 4 6
64 128 80 120 7 4
32 64 50 120 3 3
8 128 5 60 5 7
4 64 80 120 8 3
16 128 5 60 7 2
4 64 5 60 6 5
4 32 20 60 3 2
8 16 5 120 3 7
8 64 20 120 6 3
4 16 80 120 4 5
4 128 50 120 8 4
4 16 20 120 8 3
8 16 80 120 6 5
4 32 5 20 7 4
16 128 5 60 6 4
4 8 5 120 3 5
8 16 50 60 8 6
4 32 20 60 3 4
4 32 20 60 6 7
8 128 80 120 3 4
4 64 5 20 8 7
64 128 5 120 5 7
4 64 5 10 8 7
8 32 80 120 5 3
4 128 20 120 8 5
4 16 5 120 6 6
8 32 5 120 7 5
32 64 5 60 5 6
4 16 5 20 7 6
16 128 80 120 7 6
32 64 5 120 5 3
8 128 5 120 3 5
16 128 20 120 8 2
16 128 5 60 5 3
4 8 5 120 3 7
8 16 5 60 7 2
16 32 80 120 8 6
64 128 5 60 6 2
8 128 20 60 5 4
64 128 5 120 5 4
4 128 5 20 8 2
16 128 50 60 6 6
8 128 5 120 5 7
16 64 20 60 3 3
32 128 50 60 6 5
4 64 50 60 6 2
4 64 5 20 7 2
4 8 5 10 5 6
4 64 50 60 8 5
16 128 50 60 7 7
32 64 20 120 6 6
64 128 5 120 8 2
16 64 50 120 4 6
8 16 50 60 7 3
4 16 20 60 5 2
8 32 20 60 8 7
32 128 50 60 8 5
4 64 50 120 7 5
16 128 5 60 6 2
8 16 5 120 3 6
64 128 5 60 8 2
16 32 5 120 4 6
4 128 5 120 7 3
8 128 5 20 6 5
4 8 5 10 7 4
8 128 5 60 4 5
8 128 50 60 7 5
8 32 80 120 4 6
4 16 5 10 5 4
8 32 5 10 7 7
16 64 50 60 8 4
16 128 80 120 4 4
16 64 5 10 5 3
4 128 20 120 4 7
8 32 5 20 6 4
8 32 20 60 4 5
8 16 5 120 4 2
16 64 5 60 8 4
8 64 5 60 3 7
4 8 50 120 6 5
4 16 5 10 8 4
4 32 50 60 6 6
8 128 5 20 7 4
16 128 20 60 7 5
32 128 80 120 7 3
4 16 5 20 4 4
16 64 50 120 7 4
16 64 5 120 7 5
8 128 5 60 5 7
4 128 20 120 3 3
8 64 80 120 3 4
8 64 5 120 6 5
4 8 80 120 5 4
32 128 5 20 7 3
8 32 5 120 7 7
8 64 5 60 6 2
8 64 5 120 4 2
32 64 50 60 5 6
32 64 50 120 8 3
16 32 20 60 7 4
16 32 5 60 8 6
16 32 20 60 7 4
8 64 80 120 3 4
8 32 5 20 8 3
32 64 20 60 4 7
4 16 80 120 5 4
32 64 5 60 8 5
4 128 50 120 3 4
4 8 80 120 6 4
4 128 5 20 5 5
4 16 50 60 5 3
16 64 50 60 8 2
32 128 20 120 4 4
16 64 20 120 3 6
4 32 50 60 4 3
16 64 5 60 5 3
8 32 20 60 8 4
4 128 50 120 8 7
16 64 5 10 8 3
32 128 5 10 7 6
4 16 20 120 6 6
16 128 50 60 6 7
8 64 50 60 8 4
16 64 5 10 7 4
16 128 20 60 5 5
16 64 20 120 3 7
8 128 5 20 8 7
4 128 5 20 4 3
8 32 5 120 4 2
8 64 50 60 6 2
4 64 20 60 4 4
8 16 5 120 7 6
16 64 20 120 6 6
8 64 5 120 4 4
4 8 5 10 3 7
4 32 50 120 5 7
64 128 20 60 8 7
8 16 20 120 3 2
16 64 50 120 3 5
32 128 5 10 8 7
8 128 50 120 6 6
64 128 5 20 5 6
16 32 5 20 8 4
16 64 50 60 3 7
4 8 5 60 6 7
8 16 50 120 4 3
4 64 80 120 6 2
16 128 50 120 7 3
4 128 80 120 4 5
8 128 5 120 7 7
16 64 5 60 8 4
8 128 50 60 6 4
4 64 50 120 8 7
4 16 5 20 6 3
16 64 5 20 3 2
4 8 20 60 8 5
8 128 5 20 7 5
16 64 50 60 6 6
4 8 5 60 7 3
32 128 20 120 6 5
8 16 80 120 3 3
16 128 5 120 6 4
8 128 20 120 7 2
8 16 50 120 3 7
8 64 20 60 8 6
8 64 20 120 6 4
8 32 50 120 8 3
8 32 50 120 7 2
32 128 50 60 4 2
8 64 50 60 4 2
64 128 50 60 8 6
32 128 5 120 7 6
32 64 5 20 6 5
4 16 50 60 6 6
4 16 5 20 6 4
4 64 50 60 7 5
16 32 50 60 8 6
4 128 20 120 4 3
32 128 5 10 5 7
16 32 20 120 5 5
4 16 50 120 6 2
32 128 20 60 8 3
16 128 50 60 5 4
32 64 50 120 3 5
32 128 5 20 5 3
4 16 5 10 7 2
8 16 5 20 8 2
4 128 20 60 8 2
16 128 5 120 3 6
16 64 20 60 4 7
16 128 5 10 3 7
4 16 20 60 3 3
8 32 50 60 6 6
8 16 80 120 6 3
16 128 50 120 5 7
64 128 20 120 6 3
4 32 80 120 3 4
8 32 20 60 4 6
16 64 50 60 5 6
32 128 50 120 7 7
4 32 5 20 7 7
32 64 5 60 5 7
4 16 80 120 5 4
8 32 20 60 3 3
16 128 5 20 7 4
8 128 5 120 3 3
8 16 20 120 4 2
8 16 5 60 3 4
16 32 5 10 5 4
16 32 5 120 7 5
16 128 20 120 7 6
16 128 5 60 4 4
16 32 80 120 3 7
4 64 20 60 5 5
32 128 5 10 5 4
4 8 50 120 6 5
8 128 20 60 8 7
8 32 50 60 4 4
16 128 5 20 8 6
32 64 20 120 8 2
4 8 5 120 3 6
8 64 5 60 4 4
16 32 5 20 7 4
16 128 5 20 5 5
32 64 20 120 3 5
8 16 5 60 4 7
4 64 20 60 8 3
16 32 5 120 4 2
4 16 5 20 7 5
4 64 5 60 6 2
16 64 50 60 6 3
4 128 5 10 7 7
4 8 5 10 8 3
8 16 80 120 7 7
4 16 50 120 3 4
8 32 80 120 5 3
4 64 50 60 6 2
32 128 5 20 4 7
32 128 20 60 3 4
8 128 80 120 7 6
32 64 50 120 3 2
4 8 80 120 6 2
4 32 5 120 7 7
16 128 5 120 8 7
32 64 20 60 5 3
32 128 5 120 3 3
64 128 5 10 6 4
32 128 5 20 4 5
16 32 80 120 7 7
4 32 5 10 8 3
16 64 80 120 6 4
4 32 5 120 6 6
16 128 5 60 4 6
8 32 5 60 5 3
16 32 20 60 4 3
8 16 80 120 4 3
16 128 80 120 4 4
4 16 5 60 8 3
4 8 80 120 8 6
8 16 5 20 7 5
4 32 50 120 4 4
4 128 5 120 4 7
32 64 5 20 8 3
4 16 5 120 7 2
4 64 5 10 5 5
32 64 5 20 3 7
8 16 50 120 7 5
16 128 50 60 7 7
16 128 20 60 8 6
8 64 80 120 8 3
4 16 5 60 4 6
8 32 5 60 7 2
8 16 50 120 7 5
4 16 50 120 4 7
16 64 5 10 3 6
32 64 20 60 6 4
16 64 5 120 8 5
4 128 80 120 3 4
16 128 20 60 8 7
16 32 5 10 4 4
16 32 5 60 6 7
32 128 5 10 6 3
8 64 20 60 6 2
32 128 5 60 3 7
4 16 50 120 6 4
4 16 5 10 4 4
4 128 80 120 7 4
8 16 5 120 3 6
4 128 50 120 6 6
8 64 50 120 6 4
4 64 5 60 3 7
16 64 5 60 7 3
8 64 80 120 6 7
8 64 50 60 6 5
16 32 5 20 5 4
4 128 5 60 5 2
32 128 5 120 8 4
4 128 50 60 3 4
4 64 5 20 7 7
32 64 5 10 3 5
16 64 50 60 4 3
8 16 20 60 6 7
8 128 20 120 6 7
4 32 5 10 3 4
16 128 20 60 7 2
32 64 5 20 3 2
4 64 5 60 3 5
4 128 5 20 8 4
4 128 50 120 8 3
8 32 80 120 8 6
4 32 20 120 3 5
4 64 5 120 3 7
32 128 20 120 4 7
4 64 5 60 6 4
32 128 80 120 7 7
8 64 80 120 6 4
4 16 5 10 7 6
4 8 80 120 4 4
8 128 80 120 8 3
8 128 5 120 3 6
16 128 5 20 3 2
4 128 20 60 3 2
4 64 50 120 7 5
16 32 80 120 4 4
64 128 50 120 8 2
8 64 5 10 4 6
4 8 50 60 6 7
4 8 5 60 5 4
4 16 5 10 5 6
8 16 5 20 7 4
8 128 5 60 6 3
4 16 5 10 4 7
32 128 50 60 4 6
4 128 5 20 3 5
64 128 5 10 8 5
4 16 50 60 8 7
4 128 80 120 6 6
4 64 50 120 8 7
8 32 5 20 7 3
32 128 50 60 8 2
64 128 5 10 6 5
8 32 5 60 6 6
4 64 50 60 3 3
4 8 5 10 5 5
16 64 5 20 8 5
16 64 80 120 3 6
8 64 80 120 3 2
16 64 5 120 8 7
32 128 20 120 5 7
4 16 5 60 3 4
4 128 5 120 6 6
8 32 20 60 7 6
8 64 5 120 6 6
4 64 5 20 7 6
32 64 20 60 4 2
16 128 5 60 3 4
4 16 50 120 8 4
8 128 50 120 6 6
8 128 5 20 4 4
16 64 50 60 8 4
4 32 50 60 5 2
16 32 20 120 4 4
16 64 80 120 3 7
32 64 5 60 6 4
4 16 50 120 8 2
32 64 5 120 3 4
8 32 50 60 7 5
4 32 5 20 6 3
8 128 20 60 5 4
4 16 5 10 5 4
4 128 5 120 5 7
4 16 50 60 5 3
16 128 5 20 7 5
16 128 50 120 8 5
8 128 50 60 4 5
16 128 5 120 8 2
4 32 20 60 6 4
8 16 5 120 5 7
16 64 50 120 7 4
16 32 5 120 7 3
4 16 20 120 3 6
8 128 20 60 8 3
8 64 50 60 7 7
4 128 80 120 8 2
8 128 50 120 3 6
4 8 80 120 4 6
4 8 80 120 4 4
8 32 20 120 3 3
16 128 20 60 7 5
8 16 5 60 5 3
8 32 20 60 8 4
4 16 80 120 4 2
8 16 5 10 4 5
32 64 5 120 8 2
4 8 5 120 6 6
4 16 20 60 3 5
4 128 20 120 8 6
4 64 50 60 7 5
16 32 5 10 4 6
4 16 5 120 8 3
4 64 80 120 8 4
4 32 5 120 7 5
16 64 50 120 8 7
32 128 50 120 5 2
4 128 20 60 4 7
16 32 20 60 6 3
4 16 80 120 7 7
4 8 20 120 6 3
4 16 20 120 8 4
32 64 5 60 6 7
8 16 50 120 5 7
32 64 20 120 3 2
8 16 5 120 8 7
32 128 80 120 3 3
8 128 5 60 4 2
8 64 5 20 4 7
4 32 50 120 5 3
4 64 80 120 3 6
8 64 20 60 6 5
8 32 80 120 5 4
4 16 5 60 6 4
16 64 5 120 3 3
8 64 5 20 4 4
4 64 20 120 7 2
16 32 50 120 7 6
8 32 20 60 3 2
4 128 20 120 7 7
4 16 5 20 8 3
4 32 50 60 5 3
16 128 5 20 4 4
8 32 50 60 3 6
32 128 20 120 7 2
64 128 80 120 8 4
16 64 50 120 5 2
4 32 20 60 3 2
8 16 5 120 4 5
16 64 20 60 3 4
8 16 5 60 4 7
4 8 50 60 4 3
8 128 80 120 5 7
4 16 80 120 7 6
4 32 50 120 3 7
8 16 5 60 8 5
4 128 20 60 8 6
64 128 20 120 8 7
16 64 5 120 3 7
64 128 5 60 7 4
64 128 50 60 8 3
16 64 50 60 7 4
32 64 5 120 4 5
16 64 5 10 6 7
32 64 50 60 3 5
8 64 5 60 8 3
8 32 50 60 5 4
4 128 5 60 5 2
64 128 5 10 6 4
8 32 20 60 8 2
4 64 5 10 6 6
16 64 5 120 8 7
4 16 50 120 3 7
16 64 20 60 7 7
4 32 50 120 8 2
32 128 50 60 5 7
16 32 5 60 8 5
4 128 50 60 8 4
4 64 80 120 3 7
4 16 5 10 6 2
4 32 20 120 3 4
16 64 5 60 5 2
8 32 5 60 7 6
16 64 5 120 4 4
4 64 20 60 4 2
32 64 20 60 4 5
4 64 20 60 7 6
16 128 5 60 5 5
32 128 80 120 3 6
16 64 50 120 7 4
32 128 80 120 4 5
4 8 5 60 6 5
4 32 5 10 4 2
4 8 50 60 5 7
4 64 5 60 5 6
64 128 5 20 5 2
64 128 20 120 5 2
4 8 80 120 5 2
8 128 20 120 7 3
4 64 5 60 7 4
8 64 5 20 3 6
16 32 20 120 6 3
4 32 20 120 7 7
16 64 80 120 5 4
32 64 5 20 8 7
4 32 5 20 6 6
4 8 50 60 7 2
4 16 5 120 5 3
8 16 80 120 4 4
8 32 5 120 4 2
32 128 80 120 7 5
32 64 20 60 8 4
4 16 50 120 3 3
64 128 5 60 5 2
4 8 5 10 5 5
4 32 50 60 8 5
16 64 20 60 7 6
32 128 80 120 3 4
16 32 50 120 6 5
4 8 20 60 8 4
16 64 50 120 3 3
8 32 5 60 3 2
32 64 5 120 5 7
4 32 5 20 6 6
8 128 50 60 3 3
4 16 50 120 4 3
4 8 5 10 7 6
4 16 5 120 7 7
4 64 5 10 7 7
32 64 20 120 8 6
8 128 5 60 6 5
16 32 5 60 8 2
32 128 5 60 8 6
8 32 5 60 7 6
4 64 5 20 6 5
32 64 50 60 5 5
4 16 5 60 4 4
4 16 20 120 5 3
8 64 20 60 5 4
64 128 50 120 7 6
8 128 50 60 4 4
16 64 5 60 8 7
4 8 20 60 4 3
4 32 20 120 8 6
4 16 5 10 3 7
16 128 5 60 3 5
16 128 50 120 8 6
32 128 20 120 3 4
8 32 20 120 8 6
4 128 50 60 7 5
32 64 5 120 4 2
8 64 80 120 6 2
4 16 5 120 6 7
4 32 20 60 6 2
4 16 20 120 7 3
8 32 20 120 7 6
4 64 5 10 6 4
4 64 20 60 3 7
8 128 20 120 5 2
32 128 5 120 7 5
8 32 5 20 5 6
4 16 5 60 7 7
64 128 5 60 6 2
8 64 50 60 8 6
4 64 5 10 7 2
32 128 80 120 6 7
16 32 5 120 5 3
8 128 5 60 5 3
4 64 5 20 7 3
4 32 5 20 8 2
8 32 5 10 4 5
8 32 80 120 4 7
4 8 5 20 7 4
16 128 5 10 7 2
32 64 20 120 8 2
16 128 80 120 5 2
16 32 80 120 4 5
16 32 50 120 6 5
8 32 80 120 7 5
32 64 20 60 6 3
4 8 50 120 8 5
8 64 20 120 3 6
16 64 5 60 8 3
8 32 5 10 8 5
16 64 5 60 6 6
8 128 5 20 6 5
16 32 5 10 5 6
8 64 50 60 8 5
64 128 5 60 4 4
8 128 50 120 7 2
8 64 5 60 7 4
32 128 5 10 7 6
16 64 50 60 7 4
32 64 5 120 3 2
64 128 50 120 4 3
4 8 50 60 4 7
4 128 20 120 8 3
4 64 20 60 8 2
4 128 80 120 7 3
8 16 20 120 7 6
4 64 5 120 6 4
8 64 5 60 3 2
32 64 5 60 8 7
8 16 5 20 8 5
16 32 5 10 8 6
4 64 5 60 4 3
8 128 5 20 4 4
32 64 20 60 3 5
4 8 50 120 7 2
64 128 5 60 4 5
8 16 5 10 4 3
64 128 5 60 6 2
16 64 5 20 8 5
8 32 5 10 8 6
4 32 80 120 7 7
32 64 20 60 5 5
32 64 5 10 5 5
8 64 5 20 8 6
16 64 5 10 4 5
64 128 5 10 5 6
32 64 50 60 6 4
16 64 5 20 7 7
16 128 50 120 8 5
4 32 50 60 4 6
4 8 50 60 8 5
4 8 5 120 4 3
32 64 5 120 4 7
4 16 5 60 4 5
16 32 20 120 5 4
4 8 20 120 8 7
16 128 50 120 3 5
4 64 5 60 4 3
4 64 5 120 4 3
32 128 50 60 4 7
64 128 20 120 4 3
8 16 5 60 6 3
32 128 20 120 8 4
4 32 50 60 3 5
64 128 5 10 8 3
8 16 5 10 4 6
4 128 5 10 3 2
32 128 5 120 6 2
8 32 5 120 5 7
4 16 20 60 8 4
8 16 80 120 4 5
4 8 5 20 5 4
8 32 20 120 7 3
16 128 80 120 3 4
32 64 80 120 5 4
8 16 5 60 8 6
64 128 5 10 4 2
16 32 5 60 8 3
4 16 80 120 3 3
4 128 5 20 6 7
64 128 80 120 6 4
8 16 20 120 7 6
8 16 20 120 6 7
8 128 5 60 3 5
8 16 5 20 7 4
32 64 5 10 7 7
32 64 20 120 6 6
64 128 5 20 7 2
8 128 50 120 7 5
32 64 50 120 3 7
8 16 50 120 5 2
32 128 5 120 7 6
8 32 5 60 5 7
16 32 5 120 6 2
32 64 50 120 5 6
8 16 80 120 3 2
8 128 20 60 7 3
16 128 50 60 8 2
4 32 5 60 3 3
32 128 20 60 6 4
8 32 5 120 4 2
4 64 20 120 6 4
4 128 20 60 3 5
8 16 5 120 8 5
4 64 20 60 7 4
64 128 5 10 3 7
4 32 80 120 3 5
4 64 5 60 4 5
4 128 20 120 6 2
4 128 80 120 6 6
4 16 50 60 4 2
8 64 20 120 6 4
32 128 5 20 3 7
16 32 5 120 8 4
8 16 20 60 5 6
8 16 20 60 6 5
8 128 5 60 8 7
32 128 50 120 5 3
4 32 80 120 8 4
4 32 50 120 7 6
4 8 50 120 8 5
64 128 20 120 8 5
8 128 5 20 7 2
4 64 80 120 7 2
16 128 20 120 7 4
4 64 80 120 4 6
4 16 20 60 7 7
8 16 5 10 6 4
16 64 5 120 3 5
16 64 5 10 8 3
4 8 50 120 5 2
8 64 20 60 8 5
8 64 50 60 3 7
32 128 50 120 8 5
64 128 5 10 8 2
16 64 20 60 3 7
4 8 20 60 3 2
4 16 5 10 7 7
4 128 80 120 6 6
8 64 80 120 8 3
8 64 5 60 4 5
8 128 5 20 3 3
8 128 80 120 4 7
16 128 5 60 8 7
4 64 50 60 7 6
16 32 80 120 4 7
4 32 5 120 3 2
8 128 5 60 3 4
16 128 5 10 6 2
8 16 50 120 3 3
16 32 5 10 5 6
8 16 5 20 8 4
4 128 5 120 5 7
4 128 5 20 5 6
4 64 5 60 3 6
4 16 5 10 6 5
64 128 5 20 4 4
4 32 80 120 6 3
8 64 50 120 4 2
4 128 50 60 6 4
8 32 80 120 5 7
8 16 50 60 4 2
4 8 5 10 4 5
32 128 5 60 8 2
4 32 20 120 8 7
4 64 20 120 5 5
4 8 80 120 4 5
16 32 20 60 4 3
4 16 5 120 6 2
4 8 80 120 5 3
32 128 5 120 7 7
64 128 5 120 7 3
4 32 20 60 7 6
4 16 5 120 8 2
8 16 20 60 6 3
8 16 5 60 3 3
4 128 80 120 3 2
32 128 20 120 3 7
4 32 5 10 3 7
8 32 20 60 5 6
32 64 50 60 3 2
64 128 20 120 6 7
32 64 20 60 6 4
32 64 80 120 3 6
8 64 20 60 3 7
4 128 20 120 5 5
8 16 5 60 7 6
8 128 50 120 4 2
32 64 50 120 6 2
32 128 50 60 3 5
4 32 20 120 7 2
8 64 5 20 6 2
8 16 50 60 3 6
8 64 50 120 8 2
4 16 20 120 6 4
16 128 5 120 8 2
4 16 5 20 8 6
4 16 50 60 7 5
8 32 5 20 8 3
8 16 20 120 6 6
4 32 5 20 5 7
4 64 50 60 3 2
16 128 20 120 6 3
16 64 20 120 3 2
4 32 5 10 8 2
8 64 5 60 6 2
4 16 5 120 7 2
8 128 20 120 8 4
4 64 5 20 3 7
16 64 80 120 8 6
8 64 20 120 5 2
4 64 20 60 6 4
4 16 80 120 3 2
4 16 80 120 3 3
32 64 20 60 4 2
32 128 50 120 8 4
4 128 5 120 7 7
8 32 5 20 6 4
16 128 50 120 6 2
64 128 50 120 5 6
32 64 5 10 3 7
32 64 80 120 8 6
16 32 50 120 3 5
8 32 20 120 3 7
32 64 5 60 4 4
64 128 50 120 6 7
4 8 5 120 5 7
4 64 80 120 5 7
16 128 5 10 8 3
8 128 20 60 3 5
4 16 5 120 3 7
8 16 20 120 8 4
4 8 5 120 7 3
8 16 5 60 8 6
32 128 50 120 3 3
8 16 50 60 6 7
16 32 5 60 8 3
4 64 50 120 5 4
4 128 50 60 6 6
4 128 50 60 6 3
16 64 50 120 8 6
8 128 5 20 6 2
16 64 5 20 3 4
4 64 5 120 7 3
8 64 5 20 7 6
4 8 20 60 3 5
4 128 5 10 3 7
16 128 5 60 7 5
16 64 20 60 5 7
16 64 5 10 4 2
32 128 5 20 4 2
8 16 5 10 6 3
32 64 80 120 3 4
16 128 5 60 3 7
4 64 5 20 3 3
8 16 5 60 4 3
8 32 20 60 8 3
64 128 20 120 8 7
8 128 5 20 4 7
32 128 5 120 6 3
4 64 5 120 7 3
16 64 20 120 5 4
16 32 50 120 6 2
4 128 80 120 3 7
4 8 5 60 6 6
4 128 5 60 4 6
4 8 50 120 6 3
16 64 20 120 3 7
16 32 80 120 7 7
8 16 80 120 5 5
8 16 5 60 3 4
16 64 20 120 5 6
32 64 5 60 6 4
4 16 50 60 3 5
8 128 5 60 4 6
4 64 50 60 7 6
4 128 20 120 5 4
4 32 50 120 5 7
64 128 80 120 7 5
8 32 20 60 3 5
16 128 20 60 7 2
4 64 20 120 8 5
8 64 20 60 7 4
4 32 5 10 3 4
4 128 5 60 4 2
16 32 5 60 8 5
8 128 5 20 5 2
8 16 20 120 7 2
8 64 20 60 4 5
32 64 20 60 5 6
64 128 80 120 5 7
16 64 80 120 5 5
4 16 50 120 6 3
4 16 5 20 6 3
8 32 5 120 8 3
8 128 20 120 8 2
8 32 50 120 4 3
16 32 5 10 4 7
16 32 20 120 5 4
8 128 20 60 6 2
8 128 80 120 7 4
4 16 5 10 5 2
64 128 5 10 6 3
16 128 50 60 8 4
8 64 80 120 8 4
8 32 5 10 8 2
16 64 20 60 5 2
4 16 5 10 6 7
32 128 5 10 8 7
64 128 5 60 5 6
4 32 50 60 6 3
4 64 5 60 8 6
16 32 20 60 5 2
64 128 5 60 7 2
64 128 5 20 6 5
8 16 5 120 4 2
16 64 5 10 6 3
8 16 5 120 3 3
16 64 20 60 4 2
16 64 80 120 5 2
4 16 5 60 7 4
16 64 50 60 4 6
32 64 5 120 7 3
32 128 5 120 8 2
4 128 5 120 6 5
16 64 50 120 8 5
16 64 50 120 3 4
8 128 80 120 4 7
32 64 50 120 3 6
32 128 5 60 6 4
32 64 50 120 8 5
16 64 5 10 5 3
8 16 20 60 8 3
16 64 5 120 6 7
4 8 50 60 4 6
8 128 20 60 5 2
16 64 50 120 6 7
4 64 20 120 6 6
8 128 50 120 8 2
8 32 5 60 5 6
4 32 80 120 5 7
16 128 5 120 7 2
32 64 50 120 4 5
8 64 5 60 4 3
16 128 5 120 6 7
64 128 80 120 4 6
4 128 50 60 7 7
4 16 5 60 3 3
16 64 50 60 5 6
8 32 80 120 4 4
32 128 20 120 6 6
4 64 5 60 4 2
4 128 5 10 5 4
4 32 5 20 3 3
16 64 50 60 8 6
32 128 5 60 5 4
64 128 5 20 4 6
8 128 20 120 6 2
4 32 5 20 8 4
8 128 50 60 4 3
8 32 5 20 8 3
32 128 5 20 7 3
8 16 5 20 8 4
4 16 5 10 5 7
16 32 80 120 5 7
4 128 5 20 5 6
8 64 80 120 3 5
4 128 5 20 8 2
32 128 5 120 7 3
4 32 80 120 3 5
32 64 50 120 4 6
4 32 5 10 5 2
32 64 80 120 6 3
8 128 5 20 5 5
8 128 20 60 5 7
4 32 5 120 3 7
16 32 50 120 5 5
8 128 5 60 4 5
8 128 5 120 8 6
8 64 50 60 5 6
4 32 5 20 6 4
8 32 5 10 5 6
16 32 80 120 5 7
8 64 20 60 7 7
64 128 5 60 4 5
8 64 50 60 6 3
8 16 20 60 3 2
16 32 5 120 3 6
4 16 5 20 6 3
16 128 20 60 3 2
4 64 5 60 5 3
16 32 5 120 5 2
4 8 50 60 4 3
4 128 50 60 7 6
4 32 20 60 4 4
4 16 5 120 4 4
8 64 5 10 3 2
4 16 50 120 7 2
8 32 50 60 5 2
4 8 80 120 5 5
32 64 5 120 4 6
8 32 50 60 3 4
8 16 5 20 4 3
8 128 20 120 3 5
64 128 20 60 5 4
64 128 50 60 8 5
