3000 2 0
9216 1600
16 512 50 120 7 4
16 512 20 120 5 6
8 256 50 60 6 7
32 128 50 80 3 5
8 256 80 150 5 7
16 256 80 150 7 5
128 512 20 60 8 5
8 512 20 80 7 4
32 128 20 150 3 3
16 128 80 150 5 7
16 128 50 80 8 6
32 128 50 120 7 7
64 256 20 80 6 3
8 512 20 120 6 3
32 256 20 120 3 3
32 512 80 120 6 3
8 512 20 60 7 7
8 32 50 80 6 7
32 256 80 150 3 7
8 32 100 150 6 4
8 256 100 150 4 2
128 512 20 80 8 3
16 32 50 60 3 7
16 512 80 150 4 6
64 128 20 80 7 2
16 512 20 120 7 6
8 512 80 150 7 6
16 128 100 120 6 7
128 512 20 120 8 6
32 64 20 150 8 5
32 64 100 120 5 6
128 512 20 60 3 2
16 32 20 60 5 5
64 512 100 120 3 4
64 256 100 120 8 2
128 256 50 150 8 7
8 512 20 120 7 5
16 128 80 150 4 7
32 128 50 120 8 6
8 64 80 150 6 3
8 32 50 80 3 6
8 64 100 120 5 4
32 64 20 60 6 5
16 256 20 80 7 6
8 256 50 150 6 3
16 256 100 120 7 2
32 512 80 120 7 4
16 512 50 60 7 4
64 128 80 150 6 5
64 128 50 60 3 3
128 256 20 80 3 7
128 512 100 120 5 2
64 128 100 120 5 7
32 64 100 150 8 4
32 256 20 60 3 3
64 256 50 60 3 2
8 512 50 120 8 3
8 32 50 120 3 2
8 64 50 120 5 6
32 128 100 120 5 3
8 64 20 120 6 7
32 128 20 60 7 6
64 128 20 60 7 7
8 64 50 80 7 5
8 64 100 150 8 6
16 512 50 60 8 6
64 256 50 120 5 2
128 512 20 80 5 2
16 32 20 80 6 3
16 512 50 150 3 3
8 32 50 80 6 2
8 128 50 120 5 6
16 512 50 150 4 4
64 512 50 80 7 3
64 512 100 120 4 3
16 512 50 60 7 2
8 256 80 120 4 6
128 512 100 120 4 3
32 512 50 150 8 3
8 64 80 120 3 5
128 512 100 120 7 2
128 256 20 80 3 4
16 64 50 80 6 7
8 512 50 80 3 2
128 512 20 60 4 3
16 64 50 60 7 5
8 128 80 120 4 7
8 32 100 120 4 5
16 64 20 60 6 4
32 128 20 80 4 6
32 512 80 120 6 2
16 256 20 60 6 4
16 512 50 150 4 3
64 512 80 150 6 2
8 128 80 150 6 6
8 512 100 150 6 4
128 256 50 60 6 3
32 512 80 120 5 3
8 64 20 80 3 6
128 256 20 150 8 5
32 256 100 120 8 4
8 512 50 120 5 7
128 256 50 120 8 7
64 512 80 150 4 2
32 256 80 120 8 3
32 256 20 60 7 6
8 64 20 120 4 5
8 64 50 80 6 2
16 32 50 150 8 4
8 64 100 120 8 5
32 512 50 80 4 7
32 64 20 60 4 5
16 256 20 80 8 6
16 512 20 120 8 6
8 64 100 120 8 6
128 512 50 60 4 4
32 128 20 60 5 5
128 512 50 60 8 4
16 512 50 120 5 4
8 64 20 150 8 6
16 256 80 150 6 6
8 512 50 150 8 5
8 128 20 60 5 4
64 128 20 60 6 6
8 32 50 120 8 5
64 256 100 150 4 4
8 128 100 150 8 6
16 32 20 60 6 2
16 512 20 150 5 3
32 128 80 150 5 5
16 64 100 150 5 6
64 256 20 150 4 5
16 64 20 150 3 5
32 64 100 150 3 7
32 64 80 150 7 2
32 256 50 150 4 7
64 256 80 120 7 4
8 512 20 120 6 7
16 512 80 150 3 4
8 512 100 150 8 7
32 256 20 150 3 5
8 32 50 150 4 4
16 32 50 150 5 6
128 512 50 60 4 6
64 128 80 120 8 7
128 256 20 120 4 2
8 32 80 120 4 7
8 128 80 120 8 7
8 512 80 120 7 7
64 128 100 120 5 2
128 256 20 60 3 6
128 512 50 150 7 2
16 64 100 120 6 5
8 64 100 150 7 4
128 512 50 150 3 5
32 128 100 120 3 4
128 256 100 150 7 3
64 128 100 150 4 7
128 256 100 150 4 6
16 512 20 80 7 5
64 256 100 150 3 4
8 64 50 150 8 5
16 512 50 80 4 6
16 256 80 120 8 5
16 32 100 150 4 6
64 256 80 120 7 3
16 32 20 150 3 6
8 512 50 120 6 4
16 32 20 80 3 4
32 512 80 120 6 5
64 256 80 150 5 2
8 128 100 150 6 3
8 128 100 150 7 5
16 512 20 150 7 6
32 512 80 120 6 4
16 256 20 60 5 5
8 32 20 150 5 3
8 256 50 60 5 5
16 256 20 60 6 7
16 128 20 120 8 2
64 512 50 80 7 7
8 32 20 150 3 7
8 512 80 120 6 7
64 256 20 60 8 3
8 128 20 120 3 2
32 128 50 80 7 6
8 64 20 60 3 6
64 128 80 120 3 6
16 64 50 120 4 2
64 512 80 150 3 6
32 256 50 150 6 3
8 32 20 150 5 6
16 128 50 120 8 2
32 512 80 120 7 7
8 256 50 120 6 5
8 512 20 120 5 2
32 64 20 150 7 5
16 512 20 80 4 3
16 256 20 60 8 7
32 512 50 120 6 4
16 64 50 60 3 2
8 32 80 120 7 2
8 32 50 60 7 5
16 256 50 120 8 3
16 128 100 150 7 5
8 512 50 150 5 3
32 512 50 60 5 5
16 128 20 80 8 2
64 128 20 120 5 6
8 128 20 150 7 2
64 128 50 150 4 5
64 128 20 150 3 7
8 128 100 150 6 6
16 128 100 150 6 2
16 256 50 120 8 2
64 128 50 120 8 5
8 128 50 120 5 5
8 32 20 150 4 3
8 64 100 120 8 7
16 128 20 60 4 5
64 256 20 150 5 6
32 256 20 120 3 4
32 64 100 150 4 4
64 512 100 150 5 2
8 32 80 150 6 2
32 128 100 120 4 5
32 512 100 120 8 4
16 128 50 60 7 6
64 256 20 60 6 3
8 32 50 60 4 5
8 256 20 80 3 7
128 512 50 150 7 4
8 64 50 150 4 7
64 128 20 150 6 5
16 32 50 150 3 4
16 32 50 150 7 7
32 64 20 150 5 7
16 256 80 120 5 4
16 128 50 150 8 5
8 512 20 80 8 4
8 64 100 150 5 2
16 128 20 150 6 5
16 512 100 120 8 6
8 128 80 120 5 2
16 64 20 120 5 2
16 256 50 150 7 2
64 256 50 120 6 7
32 64 100 150 6 3
8 128 80 120 5 7
8 128 50 120 5 2
32 512 20 80 3 2
64 256 20 150 5 6
8 512 50 120 4 6
16 32 20 80 6 2
8 256 100 150 6 7
16 128 50 150 4 5
8 512 20 80 7 5
8 512 50 150 3 4
8 32 20 120 6 6
8 32 20 120 7 4
8 512 50 150 7 4
64 512 50 60 3 3
8 64 80 120 5 7
32 128 50 150 6 5
128 256 20 80 6 5
8 128 100 120 8 6
64 128 100 150 5 7
8 32 50 120 3 4
16 512 20 120 8 3
16 128 50 120 5 7
64 128 50 120 6 2
128 256 100 120 3 6
16 64 50 150 7 4
32 128 50 150 4 2
8 512 50 80 3 4
16 64 50 150 3 7
32 256 50 80 3 4
64 128 20 80 8 5
16 256 50 150 7 6
16 256 50 120 8 7
32 512 100 150 5 4
32 128 20 60 4 4
32 128 50 60 3 4
8 64 80 150 4 2
16 128 80 150 8 4
32 512 100 150 8 4
64 128 20 60 6 2
8 256 20 120 6 6
128 256 20 60 6 6
64 256 50 150 3 7
64 512 80 150 6 4
32 256 100 150 4 5
8 128 50 120 4 7
16 512 20 60 3 5
32 64 80 150 4 5
8 256 100 120 7 7
16 128 50 80 6 7
8 64 20 60 8 7
32 256 50 80 8 4
16 128 50 80 4 3
128 256 20 150 3 3
128 256 20 60 7 5
16 512 50 150 4 3
16 512 80 120 3 3
32 64 20 150 3 7
8 64 80 120 6 7
16 512 80 150 3 6
16 256 100 150 7 3
32 64 50 80 3 6
8 512 20 60 5 3
16 512 20 60 6 4
64 128 20 60 8 6
8 32 50 60 3 3
64 256 50 60 3 6
128 256 80 120 5 5
16 256 50 120 3 4
64 128 20 60 3 2
64 256 80 120 8 4
64 256 100 150 4 4
16 64 50 120 3 6
8 256 80 120 3 4
64 128 100 120 7 3
16 128 80 150 7 2
128 256 20 150 4 5
32 512 20 120 4 4
128 256 50 60 5 4
32 512 20 60 5 4
16 64 80 150 5 7
32 256 50 120 6 2
16 256 80 150 8 6
16 256 80 120 6 4
8 32 50 120 7 5
32 256 80 150 6 4
64 512 20 60 5 3
16 512 50 150 7 7
128 512 20 80 3 2
8 256 20 120 7 7
32 128 20 120 4 4
8 512 20 120 3 4
32 256 100 120 7 3
8 32 20 120 3 3
64 256 20 60 5 5
128 256 20 60 5 6
32 512 100 120 6 3
64 128 50 150 4 5
8 128 50 150 3 6
8 64 80 120 8 7
32 128 50 80 3 4
32 128 80 120 8 2
8 256 20 60 7 5
128 512 80 150 4 3
16 256 80 150 4 7
16 64 20 80 7 7
64 128 20 120 5 3
16 128 100 120 4 3
8 128 80 150 5 4
16 512 80 120 8 7
32 64 100 120 8 3
8 512 80 120 6 4
16 128 50 80 7 4
8 64 20 150 7 6
16 256 20 120 7 6
128 256 20 150 6 3
32 512 50 120 6 7
8 512 100 120 8 2
8 256 50 60 7 6
16 32 50 150 4 6
8 128 20 60 8 7
16 128 50 60 3 3
8 256 20 60 7 6
32 64 20 150 7 2
64 256 20 150 8 2
8 128 50 150 8 5
64 256 50 120 4 7
16 64 50 150 6 3
128 256 50 60 5 6
8 128 50 150 5 3
16 256 20 80 6 7
16 64 20 120 8 2
8 512 20 150 7 4
16 256 100 150 3 2
32 256 50 80 8 6
128 256 20 60 4 7
8 64 80 150 8 6
128 256 50 60 3 2
128 512 50 60 4 3
8 32 50 60 5 4
16 128 80 150 3 5
8 32 50 60 4 4
8 512 80 150 7 4
32 256 80 150 3 4
16 64 80 120 6 4
8 32 100 150 3 3
16 128 20 60 7 3
64 128 50 80 5 3
16 128 20 150 4 7
16 256 100 150 5 7
16 256 80 120 7 3
16 128 100 150 7 2
16 32 50 60 7 7
8 64 50 80 5 7
32 256 80 150 6 2
64 128 50 80 8 4
32 64 50 80 4 3
32 128 80 120 5 5
128 512 50 80 8 5
16 512 100 150 8 4
64 512 20 150 6 3
128 512 50 80 5 6
32 256 50 80 5 3
32 512 100 150 5 2
16 256 50 120 3 7
64 128 100 150 8 7
64 128 100 150 6 2
8 128 20 60 6 3
8 128 100 150 8 2
16 32 20 150 3 5
16 256 50 60 7 3
8 256 20 150 6 3
16 256 80 120 3 7
128 256 20 150 8 3
64 128 20 80 6 2
8 256 80 150 6 7
32 256 20 60 3 6
8 64 80 120 4 7
16 128 100 150 6 4
32 64 50 150 7 4
16 64 50 60 5 7
64 256 20 80 3 3
128 512 50 120 4 2
128 256 20 150 5 3
16 32 20 120 3 6
64 512 50 150 5 3
8 512 100 150 5 7
32 64 80 150 8 5
128 512 50 120 4 5
16 128 100 150 3 3
64 256 50 80 8 2
32 64 80 150 5 4
16 512 50 120 8 2
32 64 50 120 4 5
8 32 50 120 5 5
8 256 20 60 4 3
16 64 80 120 6 2
16 64 100 120 5 3
8 256 20 60 5 5
64 256 50 80 5 7
32 256 80 120 4 2
128 512 80 120 7 5
128 256 50 120 4 3
8 64 20 80 3 7
8 128 80 150 6 2
8 32 100 120 6 5
8 32 50 150 5 4
64 512 50 120 5 5
32 256 20 120 5 4
16 64 50 120 3 5
8 32 50 80 3 2
64 128 50 150 4 2
32 512 100 120 5 4
16 32 20 60 6 5
16 32 20 120 4 5
64 128 50 120 6 5
32 128 50 150 4 7
16 128 20 80 3 3
64 128 80 120 3 5
16 512 80 120 3 7
32 256 100 120 6 4
8 64 50 150 8 6
8 64 20 80 3 7
32 64 20 80 8 5
32 256 100 120 3 5
128 256 20 60 5 7
16 256 50 80 8 3
16 256 80 120 4 2
64 256 50 80 5 4
16 256 100 120 6 7
64 512 20 80 7 3
128 512 50 120 4 5
128 256 50 80 3 4
32 512 20 150 5 2
8 64 100 150 4 3
128 512 20 150 8 5
16 256 100 150 6 6
16 256 20 60 3 3
32 64 20 120 4 4
64 256 80 120 8 7
8 128 20 60 3 2
128 256 80 120 3 4
64 256 80 120 3 7
8 32 20 120 8 3
64 512 20 80 6 3
16 64 20 120 6 5
128 256 20 60 7 2
8 32 20 150 6 6
128 256 20 80 5 5
16 64 50 120 6 6
16 32 20 80 6 3
64 512 80 150 7 2
16 512 50 120 5 4
16 128 20 60 7 6
32 512 50 120 5 3
8 64 100 150 8 2
32 512 50 120 5 6
128 256 80 150 8 6
16 128 20 60 3 3
8 64 20 120 8 4
64 256 20 120 3 6
8 32 100 120 3 2
16 32 50 120 4 3
32 256 20 80 8 6
8 512 50 120 8 7
8 512 50 80 6 3
128 256 20 150 5 6
64 512 20 80 7 6
16 128 20 120 5 7
64 128 80 150 8 3
8 256 80 120 8 7
16 64 20 60 5 6
32 512 50 80 3 4
8 32 100 120 6 5
32 64 80 150 8 2
16 64 100 150 8 2
128 256 20 120 3 7
8 32 20 80 3 5
32 128 50 60 5 2
64 512 100 150 6 3
32 256 80 120 3 2
128 256 20 150 5 6
128 512 50 150 8 7
8 64 50 60 5 3
16 128 50 150 5 7
32 256 50 80 4 5
32 256 100 120 6 7
64 256 20 120 7 7
32 128 20 60 5 5
8 64 50 150 4 5
32 64 50 60 6 7
8 128 80 120 6 2
32 256 80 120 4 7
16 32 100 150 4 6
16 128 80 150 8 4
32 64 80 120 8 7
128 256 20 120 6 6
128 256 50 150 7 3
16 32 20 60 5 2
8 128 50 120 5 7
8 64 100 150 4 2
16 256 100 120 5 3
16 256 100 150 4 2
64 128 100 120 6 3
16 512 20 120 3 4
32 256 80 120 6 3
16 64 100 150 7 3
8 128 50 150 8 5
8 512 20 120 8 6
32 512 20 150 6 4
64 256 50 120 8 5
16 64 50 150 6 6
32 256 20 80 8 7
16 256 20 60 8 7
8 512 80 150 4 6
128 256 100 150 4 3
32 128 80 150 8 2
8 32 20 60 5 3
64 512 100 120 7 3
8 256 20 120 3 7
16 512 50 80 7 6
128 512 80 120 7 4
8 256 20 80 4 6
8 256 20 80 5 4
128 256 50 150 5 3
16 64 20 80 8 4
8 128 100 150 8 4
16 256 50 60 3 7
32 512 100 150 5 4
32 256 80 150 7 5
8 256 20 80 8 3
8 128 100 150 5 2
16 512 20 60 5 6
8 512 80 150 8 3
64 256 20 150 6 4
16 128 20 60 3 7
8 512 100 120 8 7
128 512 80 120 8 5
16 512 80 120 6 6
32 128 50 150 6 7
8 256 20 150 7 2
16 128 50 150 7 5
8 32 80 120 3 2
8 256 20 60 7 6
64 512 100 120 4 2
32 512 20 80 3 2
16 64 100 150 5 2
64 128 50 60 3 7
16 64 20 80 6 5
16 256 50 120 3 7
16 512 20 150 8 5
8 512 50 150 4 5
32 512 50 60 3 4
8 128 50 150 5 6
8 64 50 150 8 4
8 32 50 120 5 5
16 256 50 60 4 3
16 64 50 120 6 2
16 32 50 80 6 7
64 512 100 150 4 2
16 512 50 120 3 7
16 64 20 80 6 6
64 128 50 150 4 4
32 128 50 150 8 3
32 64 100 120 4 3
8 64 20 60 6 2
32 256 80 150 3 6
8 128 20 120 6 5
64 512 50 120 4 4
16 64 20 120 4 6
8 64 50 120 7 4
8 256 100 150 3 5
8 64 20 80 7 6
8 128 80 120 8 7
64 512 80 150 6 6
8 64 80 150 8 5
8 32 50 80 6 2
8 256 100 120 5 2
8 256 20 60 8 4
8 32 20 120 6 2
64 256 20 120 5 2
32 256 20 80 3 4
8 512 50 80 5 5
16 64 100 120 6 2
16 64 80 120 8 7
32 128 20 120 5 6
64 512 80 150 5 5
64 256 50 150 3 5
16 512 80 150 6 2
32 64 20 120 5 7
16 128 80 120 5 5
32 512 50 150 5 5
16 512 80 120 8 7
128 256 100 120 3 2
32 128 20 150 7 3
128 512 80 120 8 7
16 64 50 60 8 6
16 64 20 150 6 5
16 256 50 80 6 6
8 64 20 80 5 7
64 128 80 150 7 2
128 512 80 120 6 6
64 128 100 150 3 2
128 512 20 150 6 6
32 64 100 120 6 5
16 256 80 120 7 2
32 256 50 120 6 5
64 512 100 150 7 6
64 512 20 80 7 3
8 256 100 150 5 7
32 64 20 150 3 7
8 256 50 120 5 2
64 256 100 120 6 2
32 64 50 80 8 3
64 256 80 150 5 4
8 512 20 60 5 2
16 512 50 120 4 5
8 128 80 120 8 6
128 512 100 150 3 2
64 128 80 150 7 7
8 256 50 150 5 3
16 256 50 80 7 2
32 512 20 60 7 3
128 256 20 120 6 5
16 256 100 120 3 7
128 256 80 150 5 5
32 128 50 150 4 7
8 64 80 120 7 5
16 64 50 80 8 6
64 128 80 150 6 2
8 512 100 150 4 3
16 128 50 120 4 3
128 256 20 80 5 5
16 32 80 150 4 2
16 512 80 150 4 6
128 256 50 150 5 5
8 256 50 120 4 5
8 32 20 60 4 7
128 256 100 120 3 3
128 512 100 150 3 2
8 128 50 80 3 5
128 256 20 60 3 4
32 128 100 120 5 6
64 512 80 150 6 2
16 32 100 150 4 2
32 256 20 60 5 6
32 512 50 60 8 7
16 64 20 80 7 6
8 256 80 150 8 2
8 32 100 120 7 5
32 256 80 120 6 5
32 64 50 60 7 3
8 32 50 60 4 7
64 256 20 80 5 2
64 256 50 60 4 6
8 128 20 120 5 2
128 256 80 150 6 7
32 512 20 80 4 6
128 256 20 60 5 2
8 32 80 120 4 4
8 256 80 150 8 2
16 256 50 120 6 2
16 32 20 120 7 3
8 512 100 120 6 6
32 256 100 120 7 2
8 64 80 120 5 4
32 128 20 120 8 2
128 256 80 120 6 6
16 64 20 60 7 4
32 512 20 120 7 7
128 512 80 150 7 6
128 256 50 60 5 5
16 512 20 120 3 5
8 256 20 80 8 2
8 512 100 120 6 7
8 128 50 150 4 3
16 512 100 120 4 4
64 256 50 60 4 7
8 512 50 80 7 2
64 128 20 60 4 2
8 32 50 150 6 6
16 128 100 120 5 2
16 128 100 120 3 7
8 128 100 120 7 6
128 256 20 120 3 4
16 128 20 150 6 2
32 512 100 120 6 7
16 128 50 60 4 7
64 256 80 120 7 6
128 256 20 60 4 4
64 256 50 120 8 7
8 256 50 150 3 6
8 128 80 120 3 3
32 128 80 150 6 3
8 32 100 150 4 7
16 256 100 150 3 4
32 256 50 150 5 5
16 128 100 150 3 5
64 512 80 150 5 4
64 512 50 80 4 5
8 128 20 60 4 4
128 512 80 150 8 3
128 512 50 60 3 2
128 512 80 120 3 4
32 512 80 120 7 6
64 256 20 60 8 4
32 128 50 150 6 6
16 256 50 60 4 3
128 512 80 150 4 2
128 512 80 150 8 4
64 128 80 120 4 2
32 128 50 80 6 5
32 256 50 120 5 6
8 128 50 80 3 4
64 128 80 120 6 7
16 256 20 150 7 6
8 256 80 120 8 2
64 512 20 120 5 5
8 64 20 80 4 3
32 128 100 120 3 7
8 32 20 150 8 6
8 64 80 150 4 2
16 32 100 120 3 7
32 256 20 60 8 2
8 64 20 150 7 2
8 128 80 120 7 5
16 512 20 60 8 3
128 256 20 150 8 3
8 512 50 120 8 7
32 512 50 120 3 2
16 128 80 150 3 2
128 512 20 150 8 4
32 128 20 150 7 6
16 128 50 60 5 7
128 512 80 120 8 6
32 64 20 120 5 3
64 256 50 150 5 4
128 512 50 120 3 4
8 128 80 120 8 7
16 32 50 150 3 5
128 512 50 120 3 3
16 128 50 80 8 5
8 256 20 80 4 4
8 64 20 150 7 3
8 512 20 150 6 6
8 512 100 120 5 5
32 128 20 60 3 7
64 512 50 60 5 7
8 256 50 80 8 6
8 32 50 150 4 3
32 512 50 60 8 7
32 64 20 120 7 6
16 32 50 150 3 7
8 64 50 120 6 6
16 32 20 120 6 5
128 512 50 120 6 2
8 256 50 60 4 5
8 128 80 120 3 2
128 512 20 120 6 7
64 128 100 150 8 5
64 512 20 60 8 2
64 512 20 80 3 4
8 512 20 150 8 3
128 256 50 150 3 2
8 64 100 120 7 6
8 32 50 150 5 3
32 512 100 120 7 7
32 256 20 150 8 3
16 32 50 60 6 2
32 512 20 120 7 2
128 256 50 120 7 7
64 512 100 150 3 4
128 256 100 150 5 6
64 512 20 150 4 3
128 256 20 60 3 2
64 256 20 60 5 4
64 512 100 150 5 5
8 256 20 80 5 3
128 256 20 80 7 5
64 128 50 120 8 4
16 256 20 150 4 7
8 128 100 120 7 5
8 64 80 150 6 3
16 256 20 120 5 6
64 128 20 150 3 6
16 32 20 120 8 5
32 128 50 80 8 7
128 256 20 150 3 5
8 256 100 150 5 2
8 64 50 80 4 2
8 256 20 60 8 3
8 32 20 120 6 5
8 64 100 150 5 5
64 128 80 120 6 5
16 64 20 120 3 5
32 64 80 120 6 7
32 64 100 120 3 2
32 256 100 120 7 2
64 256 100 120 3 6
32 64 80 120 3 4
32 64 50 150 7 4
16 512 100 120 7 3
128 256 50 60 7 3
8 512 50 60 3 4
32 128 20 120 8 3
128 512 50 150 5 4
64 256 50 120 5 4
8 512 50 80 6 5
32 64 50 150 7 4
16 32 50 60 4 3
32 64 80 150 8 6
16 64 100 150 7 4
8 256 80 150 3 2
16 256 50 120 6 3
8 128 20 150 7 7
16 128 50 150 3 3
32 64 20 150 8 7
128 512 20 80 6 6
8 64 80 150 4 4
32 512 20 80 5 7
16 256 80 150 4 7
8 32 20 150 5 7
32 256 50 60 5 6
8 128 20 80 4 6
8 128 100 120 3 5
32 256 20 80 7 7
32 128 50 120 6 4
32 64 100 120 8 6
32 256 100 120 8 7
32 64 50 60 7 4
32 256 20 60 5 7
8 128 20 150 5 4
8 512 50 120 5 2
16 512 20 80 6 3
128 256 50 80 8 7
64 512 50 60 6 7
16 64 20 150 3 5
32 512 20 120 7 2
128 512 50 80 3 3
16 64 20 60 5 2
16 128 80 150 5 2
16 32 50 60 7 6
16 64 50 150 6 3
16 32 20 120 6 5
32 128 80 150 5 3
128 512 20 150 4 7
16 64 80 120 5 4
8 256 50 60 4 4
128 256 50 80 6 3
32 512 100 120 3 5
16 32 100 120 4 3
32 128 80 150 6 6
8 128 50 150 8 4
32 128 50 150 5 2
32 512 80 150 8 5
64 128 50 120 3 2
8 128 80 150 4 5
64 128 20 120 4 4
32 256 50 80 7 5
8 256 80 120 6 7
16 64 80 120 4 6
32 64 20 80 7 5
64 512 50 150 5 2
128 256 50 60 8 4
128 512 20 120 4 5
32 256 80 150 5 3
64 128 50 120 7 4
8 128 20 120 6 2
8 32 100 120 4 2
32 128 50 80 5 5
16 32 50 120 3 6
8 256 80 150 3 2
128 256 50 150 6 6
8 512 100 150 6 4
64 512 80 150 7 5
64 512 20 120 8 4
8 128 80 120 8 3
64 256 20 150 8 4
32 128 50 120 5 6
64 128 50 60 6 6
8 64 20 150 8 7
32 64 50 60 5 2
16 512 80 120 4 7
32 512 80 120 5 3
32 256 20 120 3 4
32 128 80 120 3 5
8 128 80 120 3 4
32 64 20 80 6 4
16 512 100 120 7 7
64 256 20 60 7 5
32 128 20 60 7 2
8 256 50 60 8 6
128 256 80 150 5 3
128 256 50 60 8 4
32 128 20 60 7 6
32 128 20 80 3 6
32 512 50 150 7 7
16 32 80 150 7 2
128 256 50 150 7 6
8 64 20 60 4 7
64 512 20 60 7 3
64 256 20 120 7 2
8 64 20 60 8 6
64 128 50 150 7 3
8 128 50 120 8 5
8 64 20 150 7 3
8 32 80 150 8 3
16 128 20 120 5 6
64 128 100 150 4 2
32 256 100 150 7 2
16 256 20 120 4 5
32 512 20 60 4 6
64 256 20 150 7 3
8 64 20 60 3 5
32 256 80 120 6 7
128 256 50 80 6 7
8 256 50 120 7 3
16 128 80 120 7 7
8 256 20 80 5 4
32 512 20 60 6 7
16 128 20 80 3 5
16 32 50 60 4 5
32 512 80 150 3 3
8 32 20 80 5 5
8 128 50 120 7 7
8 256 20 60 7 4
64 256 20 120 4 4
16 256 20 80 7 3
16 128 50 150 5 7
64 256 100 150 8 7
64 128 50 60 4 5
16 256 100 150 7 5
64 128 20 120 6 3
16 32 50 150 6 4
8 128 80 150 5 3
8 32 20 60 8 6
32 64 20 60 3 7
16 256 50 120 6 7
8 128 50 60 8 4
128 256 80 150 7 6
128 512 50 80 4 4
64 128 100 150 7 3
32 256 50 80 4 6
32 256 100 120 6 6
32 512 50 120 8 5
8 128 20 120 3 3
16 32 50 120 5 3
8 256 100 150 4 5
64 512 80 120 3 3
16 32 100 120 3 6
128 512 100 120 4 4
64 512 50 150 5 2
8 32 100 150 8 7
64 128 100 120 7 2
8 256 20 80 5 4
16 32 20 60 3 5
32 128 100 120 3 6
128 256 50 80 5 3
32 512 50 80 5 3
16 256 20 60 3 7
8 128 20 80 7 4
128 256 80 150 8 5
8 64 20 150 8 2
64 128 100 120 4 7
128 256 20 150 4 3
16 256 50 150 3 5
8 32 20 120 7 3
32 256 20 80 3 6
16 512 100 120 3 5
32 128 20 60 5 6
32 128 50 80 8 4
16 64 20 60 7 7
8 64 100 120 8 6
8 256 50 80 3 4
64 512 20 80 6 3
32 64 50 60 8 5
8 512 50 80 4 5
8 32 100 150 6 7
16 32 50 60 8 7
32 256 20 60 8 2
32 512 80 120 5 7
128 256 100 120 6 4
8 512 50 150 6 4
16 256 50 120 6 6
8 64 20 150 4 5
128 256 20 80 7 2
8 512 80 150 4 2
8 512 100 150 3 3
8 256 80 120 6 6
32 256 80 150 8 7
16 32 80 150 7 3
16 64 20 150 5 5
16 64 20 150 4 4
64 128 20 150 6 7
16 32 50 120 3 4
128 512 50 60 5 4
8 256 50 120 8 4
8 512 20 60 5 3
8 64 100 120 6 2
64 512 50 150 4 3
32 128 50 120 4 3
64 512 20 120 4 4
8 64 80 120 3 4
16 64 20 80 4 2
32 64 100 150 7 7
16 256 50 60 6 6
64 512 50 120 8 3
32 128 50 120 4 4
8 64 80 150 4 5
8 64 50 60 5 2
32 256 100 150 7 4
32 64 20 150 3 4
32 512 50 120 5 2
32 512 100 150 3 4
64 256 50 150 4 5
8 512 80 150 8 6
16 32 100 150 5 2
16 256 100 120 7 6
64 512 20 120 8 2
16 64 20 80 3 7
8 32 50 150 8 2
8 512 20 120 4 5
8 128 20 120 8 5
128 256 20 120 4 6
32 512 80 120 8 7
32 128 100 120 7 2
32 64 50 80 4 5
32 256 50 60 8 6
8 512 50 80 5 3
8 256 20 80 6 7
128 512 50 60 4 6
64 128 80 150 4 5
32 128 50 120 7 7
16 128 20 150 6 3
32 64 20 120 8 7
16 64 80 120 8 7
64 512 50 120 6 5
32 512 50 80 8 4
32 256 100 150 8 5
32 64 50 80 7 4
32 512 100 120 8 5
16 128 20 80 7 6
8 512 80 120 8 2
64 256 100 150 3 4
8 128 20 80 4 6
16 32 50 150 7 7
32 64 50 150 4 4
8 128 50 80 4 6
16 32 50 80 6 7
8 128 20 120 6 6
8 32 100 150 6 2
32 512 100 120 6 3
32 256 50 80 5 5
32 256 20 60 3 5
16 256 20 60 4 5
32 256 50 120 3 2
128 512 50 150 4 2
32 256 50 120 7 6
8 256 50 150 4 6
16 512 50 120 8 6
32 256 20 120 6 3
8 512 20 120 8 5
128 256 80 120 7 4
8 128 100 150 7 6
16 128 100 150 3 3
16 128 50 150 3 4
64 512 80 120 8 7
32 128 100 150 3 5
8 32 50 150 6 2
32 256 20 60 7 3
8 512 50 80 4 2
16 512 80 120 7 2
16 32 50 150 5 4
64 128 20 150 7 6
8 512 100 120 8 5
16 512 100 150 7 5
8 64 80 150 4 5
64 512 50 120 8 4
16 256 20 150 8 3
128 256 100 150 5 4
64 256 20 60 4 6
8 512 80 150 8 2
16 64 50 150 4 7
8 128 50 120 3 7
16 128 20 150 5 7
8 64 20 120 5 2
16 64 100 120 7 7
8 64 50 60 8 4
16 256 100 120 5 4
8 64 50 150 8 4
128 512 50 120 3 3
8 32 20 80 7 3
64 256 80 120 3 5
16 64 20 150 8 5
32 64 20 80 7 6
64 512 100 150 4 2
16 128 50 60 3 4
8 64 20 80 6 7
128 256 20 120 7 2
32 64 50 120 6 7
128 256 20 150 4 3
8 256 20 80 4 2
32 128 20 80 8 7
16 256 50 80 5 2
128 512 100 120 6 7
32 64 100 120 4 5
16 32 50 60 8 6
8 512 50 120 8 6
8 32 80 120 3 3
64 512 50 150 8 4
8 256 50 60 3 5
32 128 50 80 7 2
32 256 80 120 5 4
32 512 50 150 6 5
32 128 50 60 5 6
16 256 50 120 5 3
64 512 50 80 8 3
32 512 100 120 3 7
128 512 20 120 6 6
16 256 50 120 8 5
32 256 20 60 8 6
64 512 20 80 5 3
8 512 100 150 8 5
32 256 50 150 7 5
64 512 20 80 3 7
128 512 50 80 7 4
8 32 50 120 8 2
16 128 20 80 7 7
128 512 50 80 8 3
8 32 20 150 3 5
16 64 100 150 4 3
8 32 20 60 3 7
128 512 80 150 4 2
128 256 100 120 8 3
16 32 50 80 6 4
32 256 80 150 3 5
128 256 50 60 6 2
16 128 50 80 5 3
16 256 100 150 6 3
128 256 20 60 7 3
32 128 50 120 4 2
32 512 50 150 3 7
128 512 20 60 6 6
8 512 20 150 3 2
16 512 20 150 5 4
8 32 100 150 5 3
64 512 50 120 6 5
16 128 20 150 3 2
16 64 20 60 8 4
32 64 50 150 6 5
32 64 100 120 7 7
8 256 80 120 8 5
8 32 50 150 5 7
16 64 100 150 6 7
32 128 50 60 4 3
16 512 50 120 7 2
64 256 50 150 6 5
16 256 50 120 7 3
16 64 20 80 4 5
8 32 50 60 7 2
16 256 50 120 3 5
64 128 50 120 7 7
16 128 80 150 5 2
32 64 20 120 7 5
8 64 80 150 3 7
16 256 50 120 5 2
32 256 100 150 6 5
8 128 20 120 7 5
32 512 20 120 8 4
64 512 20 80 4 2
16 32 20 150 8 6
64 128 20 120 8 3
128 256 100 150 5 7
8 512 100 150 6 6
8 256 20 60 4 3
128 256 50 80 8 7
16 256 20 60 3 6
8 32 20 150 3 7
128 512 50 120 3 5
32 256 80 150 6 6
8 64 80 120 4 4
16 64 50 60 8 3
8 256 100 150 3 4
8 64 20 120 7 3
128 256 80 150 5 4
8 256 50 150 6 6
64 512 100 150 6 4
64 128 50 150 7 4
8 32 100 120 7 3
64 128 20 120 8 6
32 512 50 80 8 6
8 512 20 150 8 5
32 512 50 150 5 5
64 128 50 150 4 2
16 256 100 120 7 5
8 32 80 150 5 7
16 512 50 150 6 4
128 256 20 120 7 5
8 32 20 60 7 2
32 64 100 120 5 4
32 256 20 150 5 5
32 256 50 120 8 7
16 256 20 80 5 5
8 512 80 150 6 5
16 64 50 80 4 6
32 256 20 80 7 5
8 128 100 150 6 5
64 256 50 150 8 4
16 128 20 150 6 7
128 256 100 150 7 4
16 256 80 120 3 4
32 128 100 150 7 3
64 256 100 150 4 7
8 512 100 120 3 5
8 64 80 120 3 4
8 64 20 60 6 6
64 128 20 150 8 7
8 512 20 120 8 2
32 256 20 120 4 3
32 256 20 60 3 7
32 512 50 60 5 4
32 256 50 150 8 7
64 256 20 80 6 6
16 512 80 150 5 4
8 32 20 80 4 6
16 256 50 60 6 7
16 256 80 150 8 7
8 32 20 120 5 6
32 512 20 120 3 6
8 64 20 120 6 7
8 32 50 80 7 7
64 256 100 120 5 5
128 256 50 120 7 6
32 256 80 120 3 7
8 32 20 60 7 2
16 128 20 80 6 4
16 128 20 150 8 3
16 256 50 60 5 3
64 256 100 120 6 2
128 512 80 150 7 5
8 512 20 150 3 4
16 512 100 150 7 7
64 256 100 150 5 7
8 512 20 150 6 6
16 64 80 120 6 5
8 64 20 150 6 7
128 256 20 80 3 5
16 128 20 120 3 3
8 512 20 120 3 5
16 128 50 120 7 6
8 256 80 120 5 3
64 128 20 80 3 2
64 512 100 150 5 3
16 128 20 120 3 5
64 512 50 60 5 5
8 128 20 120 7 5
32 512 20 80 4 4
16 256 20 80 7 2
128 256 20 60 5 5
8 256 20 80 7 4
8 32 50 150 4 7
32 128 20 60 4 4
8 64 20 150 7 5
8 32 20 60 6 3
8 512 50 150 4 3
32 512 20 60 3 7
32 128 50 80 8 3
32 512 50 60 3 5
16 512 100 150 5 4
16 128 100 120 7 5
8 256 20 80 5 2
32 64 50 80 6 6
32 256 100 120 8 6
64 512 20 80 5 6
64 256 20 120 5 5
32 64 20 60 3 3
128 256 50 150 7 5
64 512 50 150 6 6
8 256 20 120 8 4
64 512 20 120 7 7
16 256 100 150 8 7
64 128 80 150 8 6
16 32 20 60 6 6
16 32 50 120 5 7
32 64 20 60 8 7
16 64 20 150 5 3
8 256 20 60 8 4
128 512 50 120 5 5
32 256 100 150 4 6
16 64 100 150 5 5
16 32 50 120 6 2
128 512 80 120 8 4
128 512 50 120 4 2
8 64 50 150 3 4
16 32 100 150 6 3
8 512 20 80 6 5
32 512 50 80 7 5
32 512 50 60 4 7
128 256 100 150 7 4
8 512 50 80 6 3
8 32 100 150 6 5
16 64 50 150 8 3
16 128 20 60 6 3
8 64 50 120 4 3
8 512 80 150 8 3
16 256 20 60 4 5
16 128 20 60 3 7
16 512 50 150 7 4
64 256 20 80 5 6
64 512 20 60 7 3
8 128 50 60 3 7
64 256 50 120 3 3
8 128 20 120 4 7
16 64 80 120 7 6
64 256 50 120 6 4
8 128 100 150 7 6
8 64 50 150 7 3
16 256 100 150 3 5
8 64 20 60 8 4
16 256 20 150 6 5
8 64 50 120 4 3
32 128 20 80 3 2
16 32 80 150 6 2
8 512 50 80 5 5
32 256 50 80 4 4
8 64 20 80 7 3
128 256 20 120 7 7
32 128 20 60 4 6
8 256 20 120 3 4
128 256 80 150 6 4
32 128 20 80 6 4
32 512 50 120 8 6
8 64 100 120 7 5
8 128 20 60 4 2
8 64 50 80 8 7
8 256 50 60 7 3
8 64 100 150 8 6
16 256 20 80 6 4
32 128 20 80 3 5
16 32 50 60 3 4
8 64 80 150 4 7
64 128 100 150 8 5
128 512 50 150 3 6
8 256 20 150 8 5
32 64 20 80 5 6
32 256 100 120 5 5
16 512 100 120 4 3
32 64 20 80 8 7
128 512 100 150 4 3
32 64 20 150 4 4
8 64 50 120 5 3
8 32 50 60 8 5
16 32 20 60 8 4
8 32 20 80 4 7
128 512 100 120 8 7
64 256 100 120 7 7
8 256 50 120 4 5
64 128 100 150 5 2
64 128 20 150 5 6
8 64 100 120 7 3
16 512 20 120 4 4
64 512 50 80 7 2
16 64 50 120 5 4
128 512 50 60 4 7
16 64 50 120 8 4
8 256 20 120 5 5
16 64 100 150 5 4
8 32 20 80 5 7
8 256 50 60 8 6
32 512 50 80 7 3
16 32 50 80 7 7
32 64 50 60 5 5
32 128 80 120 6 4
8 32 20 60 8 3
16 128 50 80 4 6
8 32 20 150 6 5
16 32 100 120 7 7
8 128 100 150 5 2
16 512 20 150 4 3
32 128 80 120 8 6
16 256 80 150 3 5
8 32 50 150 4 4
32 256 50 120 4 4
8 32 20 120 4 4
16 64 20 150 5 4
8 512 80 120 5 3
8 64 20 80 3 4
16 512 80 120 7 4
32 512 50 60 4 3
8 32 20 150 4 3
32 256 20 120 5 4
32 512 20 60 3 3
16 128 50 80 8 5
16 256 50 60 3 4
128 512 50 80 3 2
128 256 20 120 6 2
16 128 20 120 8 4
32 512 50 120 5 4
8 32 100 150 4 3
8 32 50 60 3 4
16 512 20 80 5 2
32 256 20 80 5 7
8 256 100 150 5 3
32 64 20 120 7 4
128 512 20 80 6 4
8 256 50 60 5 6
128 256 50 120 7 6
8 32 100 120 3 4
8 512 20 80 8 7
16 32 20 120 3 2
64 256 20 60 6 7
8 512 100 120 6 4
16 512 50 150 7 4
16 128 50 80 4 4
64 128 100 150 7 2
8 32 20 150 3 2
8 128 80 120 5 3
32 64 20 60 7 6
32 128 50 60 7 5
128 512 100 120 5 5
8 256 80 150 8 4
8 512 100 150 3 3
8 512 50 150 8 3
8 512 50 120 3 3
128 512 80 150 6 3
16 128 20 80 4 2
64 128 80 120 8 7
32 64 20 80 7 4
8 64 80 150 7 2
8 256 20 120 8 4
8 32 50 80 4 2
32 256 20 150 6 5
16 32 80 120 5 7
8 128 20 120 6 3
32 256 20 80 8 4
16 512 20 120 4 5
16 128 20 80 5 7
128 512 50 120 5 6
128 512 100 150 5 5
16 128 20 120 4 5
16 64 20 60 7 3
64 256 80 120 4 4
32 64 20 60 4 5
16 128 50 120 6 2
16 64 80 150 4 5
8 128 80 150 7 7
8 32 20 120 3 2
16 128 20 120 6 4
32 64 50 60 5 7
32 512 80 150 3 6
8 512 50 60 5 5
16 32 100 150 7 2
64 512 20 60 8 7
8 128 100 120 5 3
8 32 50 60 8 3
128 256 50 120 5 3
128 512 50 80 5 6
128 512 50 80 5 3
128 512 50 60 3 7
8 256 20 120 8 4
32 512 80 120 3 6
16 128 100 120 6 6
8 256 80 120 5 2
32 128 20 80 6 4
64 256 20 120 7 2
16 256 50 120 3 5
64 512 20 60 6 3
16 64 80 150 3 2
128 512 100 120 3 5
16 32 80 150 3 3
64 128 80 120 4 5
128 256 50 60 6 5
16 512 80 120 7 5
16 512 100 120 5 7
32 256 80 120 3 4
32 256 20 150 5 2
8 32 50 60 7 7
32 256 20 80 3 7
16 512 50 60 8 6
128 512 20 120 5 4
32 256 50 60 3 5
128 512 20 80 4 6
32 128 20 120 5 3
64 256 20 150 6 4
8 32 50 150 3 5
32 512 50 150 7 2
64 256 80 150 8 6
64 128 20 60 6 4
8 64 50 120 3 3
8 128 100 120 7 4
16 512 80 150 6 7
8 512 20 120 6 5
32 512 50 80 5 4
32 64 50 120 3 7
8 512 50 150 5 7
16 32 100 120 6 7
16 128 50 80 8 7
16 512 20 150 3 2
128 512 50 60 5 4
16 128 50 120 4 7
8 256 50 120 6 5
32 64 50 80 8 6
16 64 80 120 8 2
64 256 20 120 3 6
8 64 50 60 3 3
32 128 50 150 6 3
16 32 80 150 4 3
16 64 20 60 5 6
16 32 20 80 6 2
8 64 20 60 7 3
16 512 80 150 5 2
64 512 100 120 3 5
64 512 20 120 3 7
64 128 100 120 8 7
16 32 50 120 7 3
16 32 100 150 8 5
64 512 50 80 8 7
8 32 100 120 4 7
128 256 80 120 6 3
64 128 100 150 7 3
32 128 20 120 7 6
16 128 50 120 4 2
64 128 100 120 8 2
64 512 50 120 4 3
128 512 100 120 3 4
16 256 50 80 5 6
8 512 50 80 4 6
16 256 50 60 6 2
32 128 80 120 6 4
16 512 50 150 8 6
16 64 50 150 6 3
16 128 80 120 8 4
8 512 20 120 5 7
64 512 50 120 5 4
16 512 50 150 3 5
128 512 20 80 6 4
8 64 20 120 4 5
8 128 100 120 4 3
8 256 100 120 5 2
128 512 20 60 5 3
8 512 20 150 5 4
16 512 50 80 4 2
16 32 20 60 8 4
8 64 20 150 4 4
32 128 20 120 6 6
64 512 20 150 5 2
64 256 50 120 3 2
8 256 50 150 6 4
32 256 100 120 3 5
32 256 50 120 5 5
16 256 80 150 3 5
32 64 20 120 3 7
16 128 50 150 5 5
8 256 50 80 7 5
8 512 100 120 6 5
32 128 50 80 4 4
64 128 50 120 7 7
8 128 100 120 8 4
8 32 80 120 6 7
8 64 100 120 8 5
8 64 20 80 5 5
32 512 20 60 3 5
128 256 50 150 3 6
64 128 20 120 8 6
16 512 100 120 5 2
8 128 20 150 4 3
128 256 50 60 5 3
64 256 80 120 5 6
128 512 20 150 6 6
16 64 80 150 3 6
8 32 20 60 4 5
128 256 20 80 5 4
32 256 100 150 5 4
8 32 100 150 4 5
32 64 80 150 4 7
64 512 20 80 8 7
128 256 20 80 3 7
64 256 50 150 6 2
8 32 80 150 3 5
16 32 20 80 3 2
32 512 100 150 6 7
32 256 50 60 3 2
64 512 50 120 4 3
64 128 20 60 8 4
32 128 100 150 3 5
8 32 20 60 3 6
16 32 20 120 7 3
16 32 20 150 8 2
16 128 100 150 4 7
8 64 20 60 7 2
16 128 80 120 5 6
8 256 50 120 8 7
16 32 20 80 7 6
8 256 100 120 3 3
8 128 50 120 4 3
8 512 50 80 7 5
32 256 100 150 3 6
64 128 50 150 6 5
16 256 20 150 4 6
8 512 20 150 6 3
32 512 100 150 6 6
32 512 50 150 7 2
128 512 20 120 4 4
64 128 50 60 3 2
16 32 20 60 8 2
16 64 100 120 3 7
8 256 20 80 7 6
16 512 20 80 6 4
32 512 20 60 6 4
64 512 50 150 4 3
32 512 50 120 4 4
64 256 100 120 3 2
128 256 80 120 8 5
8 128 100 120 4 5
32 128 80 150 7 4
16 64 20 60 3 4
8 256 50 60 7 2
64 512 50 80 3 5
8 128 100 120 3 7
8 512 80 120 8 7
16 32 50 120 8 7
32 512 100 150 4 5
32 128 20 150 8 4
32 512 80 150 3 7
64 512 50 60 7 2
8 512 20 150 7 2
128 256 20 80 8 4
16 32 50 150 3 7
64 512 20 120 6 4
8 128 50 60 4 2
16 128 20 120 7 7
64 512 100 120 7 5
8 32 20 60 7 7
8 32 50 120 5 5
8 512 20 120 8 3
8 32 80 150 3 7
128 256 20 120 3 7
16 32 50 120 5 3
64 128 50 120 5 2
8 256 50 80 8 3
8 512 50 120 5 5
8 256 100 150 5 7
16 128 50 60 6 4
8 64 100 120 5 4
16 512 20 150 6 2
64 256 80 150 5 4
32 128 80 120 4 3
16 128 80 150 5 3
32 256 50 60 7 2
128 512 100 120 6 4
64 128 50 60 5 2
32 512 20 150 4 3
128 512 80 120 8 4
8 128 100 120 3 6
64 256 50 60 5 4
16 128 80 150 5 5
32 256 80 120 6 7
16 256 20 60 6 3
32 512 20 120 7 7
128 256 100 120 5 4
32 512 20 150 3 7
64 256 100 150 8 7
8 512 50 80 3 7
16 512 100 150 6 3
16 32 50 150 6 3
64 512 20 120 4 3
64 128 100 150 5 4
32 512 50 60 8 7
32 256 100 120 8 7
64 128 20 80 3 5
8 512 20 120 3 5
64 256 20 60 4 7
64 128 20 120 7 6
64 128 20 120 6 5
8 512 80 120 6 2
16 32 80 150 7 4
128 256 20 60 6 5
32 64 50 120 8 6
128 256 50 80 5 6
16 256 50 120 3 7
32 512 20 60 3 2
16 256 50 60 3 5
16 128 80 150 8 4
16 128 80 120 3 4
32 64 80 120 6 5
16 128 100 120 8 2
64 512 80 150 5 6
32 512 80 120 4 4
128 512 100 120 7 3
16 32 20 150 6 6
8 64 20 150 7 4
64 256 50 80 4 3
64 256 50 120 4 2
8 32 20 150 5 4
8 32 50 120 4 7
8 256 20 60 6 2
64 128 20 150 5 2
8 64 50 80 6 2
16 64 20 120 4 2
32 128 20 80 6 3
32 256 20 60 8 6
16 128 20 60 6 7
16 32 80 150 3 3
64 512 20 60 3 3
16 32 20 150 5 3
16 512 80 150 6 4
16 32 50 60 8 5
16 64 20 150 7 2
32 64 80 150 8 3
32 512 50 150 6 6
64 512 20 150 5 3
64 128 20 120 7 3
16 32 100 120 5 2
128 512 20 120 8 7
8 256 20 80 4 6
16 256 100 120 8 4
8 512 50 60 7 5
16 64 80 150 5 4
32 512 20 60 7 7
64 128 50 80 8 6
32 256 20 80 5 4
16 128 80 150 4 6
8 128 50 120 6 6
64 128 100 150 4 4
32 512 100 150 7 5
128 256 100 120 6 3
8 128 100 150 6 3
32 64 80 150 4 7
8 128 50 60 4 6
8 512 50 120 8 5
8 512 50 80 5 4
128 512 50 120 8 3
16 512 20 60 5 7
8 64 50 120 5 5
8 64 50 120 4 2
16 512 50 150 6 5
8 512 20 120 8 3
8 256 50 120 8 6
16 128 80 120 6 6
16 64 80 150 4 3
64 512 50 120 7 4
8 128 50 80 4 3
16 32 50 80 3 3
8 512 20 120 5 4
128 512 80 150 8 6
8 64 100 120 4 3
32 256 100 150 6 5
16 512 80 120 6 3
128 512 50 60 3 3
8 64 20 120 8 5
16 32 50 120 5 6
16 128 50 80 3 2
16 512 20 120 8 6
16 256 100 120 8 7
32 256 20 60 7 3
32 256 20 120 7 5
8 128 50 150 6 7
8 64 50 120 3 5
32 512 20 120 7 4
32 64 20 150 6 4
8 256 50 150 6 2
128 256 20 150 8 2
32 64 100 120 4 5
32 128 20 60 7 4
64 128 20 150 7 6
32 512 100 150 6 6
8 512 50 80 8 2
64 128 20 80 6 4
8 64 100 120 5 4
32 256 20 150 6 7
16 256 100 120 4 5
16 512 80 120 7 3
32 128 50 150 6 4
16 128 100 150 3 2
128 256 50 60 8 2
32 512 20 60 7 7
32 256 20 80 8 7
16 32 20 150 3 7
32 512 20 80 6 2
8 128 50 60 6 5
32 64 80 120 3 5
8 256 50 120 8 4
16 64 20 120 6 5
8 64 20 150 7 6
64 128 50 80 3 7
64 512 20 60 6 6
8 512 80 150 8 2
8 512 50 150 8 6
16 256 50 60 6 2
16 64 20 60 4 5
8 256 50 150 6 4
64 128 50 150 8 7
16 32 20 150 4 7
64 256 20 80 6 3
32 256 100 150 6 5
128 512 80 120 5 5
16 32 20 60 4 7
16 64 80 150 7 3
128 512 50 150 6 7
128 256 80 150 3 4
8 128 100 120 3 7
8 64 80 150 5 6
64 512 50 150 3 6
8 32 20 150 8 6
32 256 20 60 8 7
16 32 20 150 3 3
64 256 50 60 8 7
8 256 50 150 8 4
32 512 50 60 4 6
64 512 20 60 6 3
8 128 20 60 5 4
8 128 20 80 8 2
16 128 50 120 4 7
8 256 20 150 6 6
16 512 80 120 7 3
32 128 50 80 3 5
8 128 50 120 6 4
8 256 20 120 5 4
16 128 100 120 3 5
32 64 80 120 8 3
128 512 50 150 6 5
16 32 20 60 5 7
16 256 50 150 7 2
128 512 50 60 6 5
8 32 20 150 5 7
16 256 100 150 7 2
16 512 100 150 5 3
32 256 50 120 7 2
32 256 20 80 4 2
32 256 50 80 4 7
32 64 20 80 7 7
64 128 20 120 8 6
8 32 50 60 4 5
8 512 20 120 5 2
32 256 100 120 4 3
8 256 50 80 5 6
32 64 100 150 7 7
8 128 50 80 6 4
16 64 50 80 6 5
32 128 20 80 6 4
8 256 80 120 3 3
64 128 20 120 5 3
16 128 50 80 6 7
64 256 100 150 4 4
8 256 80 150 4 4
16 256 80 150 8 7
16 32 20 60 8 4
64 128 20 150 5 6
128 256 80 120 5 7
8 256 20 80 7 4
8 64 80 120 7 2
16 128 20 60 8 5
8 512 80 150 3 4
16 32 50 60 5 6
8 256 50 80 6 6
16 32 80 120 4 7
8 128 80 150 7 5
8 64 50 150 6 3
128 256 80 120 7 4
8 256 20 120 8 3
8 32 80 120 6 5
32 128 100 120 6 5
8 512 20 120 5 2
16 128 100 150 5 7
8 128 20 80 6 4
16 128 50 150 7 4
16 32 50 150 7 4
8 128 50 120 8 2
64 512 100 120 8 2
32 256 20 150 7 3
32 128 100 150 4 6
64 512 100 150 4 2
64 512 100 150 4 3
8 64 20 150 6 5
8 512 20 120 4 3
16 512 80 120 5 5
64 128 50 60 4 2
8 512 50 60 6 7
16 64 20 120 5 2
32 512 50 60 3 2
64 256 100 150 5 3
32 512 50 150 3 5
8 256 20 120 8 6
8 128 100 150 8 2
32 512 80 150 7 2
128 512 20 60 8 2
32 256 20 150 8 2
64 512 50 150 4 3
64 512 100 150 4 7
16 32 20 80 6 6
32 128 20 120 4 3
8 256 20 60 3 3
8 512 80 120 4 6
8 512 20 80 3 4
8 256 20 150 8 2
128 256 20 80 6 3
8 128 100 150 6 5
8 512 50 60 3 3
128 512 50 120 6 4
32 128 50 80 7 4
128 256 80 120 3 3
128 512 50 120 7 2
16 256 20 120 8 2
16 32 50 80 8 4
128 256 20 120 3 5
64 128 50 60 3 4
32 128 20 80 3 4
128 512 80 150 5 2
128 512 20 80 7 3
32 128 50 80 7 6
16 512 50 120 3 6
32 256 50 60 4 4
64 128 80 150 5 7
8 64 20 150 3 3
32 64 50 60 4 6
8 512 50 120 3 5
8 512 20 120 3 3
8 256 50 150 5 6
64 512 100 150 4 5
16 256 50 60 3 4
16 256 20 80 5 3
8 128 50 120 8 6
8 32 100 150 4 4
128 512 20 60 4 3
64 128 80 120 6 6
8 128 100 120 7 2
128 512 50 80 3 2
64 128 100 120 3 4
16 128 20 80 4 7
64 256 50 120 3 2
16 512 100 150 3 6
8 64 100 150 6 5
128 256 50 60 7 2
64 256 50 120 6 3
128 512 100 150 8 4
64 128 50 120 7 6
64 128 50 120 6 2
16 256 20 60 4 3
8 512 20 60 5 2
128 256 50 150 6 5
32 256 80 150 7 4
32 256 20 150 4 3
8 128 20 60 6 7
32 128 20 150 8 3
32 512 50 60 4 4
64 512 50 120 4 4
64 128 100 150 4 7
16 512 100 120 4 5
16 512 80 150 3 4
128 256 50 150 4 6
16 512 20 120 6 2
16 32 20 60 7 3
32 256 20 80 4 6
8 64 20 80 7 6
8 64 20 120 3 4
8 64 50 80 4 3
16 32 50 150 7 3
8 64 50 60 5 6
16 64 20 80 5 3
128 512 100 150 6 5
16 64 20 60 6 4
128 256 80 120 7 5
32 128 50 120 5 2
64 512 100 120 5 7
32 128 80 150 5 6
64 128 100 120 8 6
64 256 20 80 6 4
32 256 20 150 5 6
8 512 50 60 6 4
16 32 20 80 8 6
16 128 20 120 8 3
16 512 20 120 8 2
16 128 50 120 8 3
16 512 20 80 3 2
8 256 20 60 6 7
8 512 20 150 7 3
16 128 20 150 4 3
128 256 20 120 3 6
128 512 20 80 8 5
64 128 20 150 8 2
8 32 20 150 3 7
32 512 50 150 3 2
8 256 20 120 7 2
64 256 80 150 5 6
64 512 20 120 3 5
128 512 100 150 8 2
32 64 50 80 3 6
16 128 20 150 7 2
64 256 50 150 7 2
16 64 80 150 5 3
8 512 80 120 6 4
8 256 50 80 6 2
64 512 20 80 3 3
16 512 20 150 8 5
32 128 50 80 7 5
32 256 50 60 7 4
32 64 20 80 4 2
32 128 20 150 7 5
32 64 50 150 7 2
8 128 80 150 5 6
32 128 50 150 6 3
8 128 80 150 4 6
64 128 20 120 5 2
8 256 50 80 4 3
8 128 20 80 5 7
32 256 20 80 8 7
32 128 80 120 5 6
128 512 20 120 6 6
32 256 100 150 7 4
16 32 20 60 8 7
16 32 100 120 6 6
32 64 100 150 4 4
8 64 80 120 5 6
16 512 50 80 3 3
32 256 100 120 5 3
16 512 80 150 8 6
8 128 20 150 4 7
16 128 80 150 3 3
64 512 80 120 5 3
32 128 100 150 5 7
8 64 100 150 7 7
32 128 20 150 5 5
64 256 20 120 6 7
16 256 20 150 4 4
8 512 50 80 6 7
32 256 20 80 5 5
16 256 80 150 3 2
16 32 20 80 5 4
16 32 50 60 4 3
32 64 20 150 6 3
8 512 80 120 8 5
8 256 50 120 8 7
8 64 50 80 4 7
16 256 80 150 5 7
32 128 80 120 5 4
8 512 80 150 8 7
8 128 100 150 6 5
16 256 50 150 5 2
64 512 50 120 8 5
16 64 20 150 4 6
8 64 20 150 4 7
8 64 20 80 5 4
32 512 50 60 8 7
8 64 80 150 5 2
128 256 20 60 5 4
32 512 20 150 6 2
16 256 20 150 5 6
8 128 20 60 3 2
64 128 50 150 3 5
16 128 80 150 6 6
16 64 100 120 3 6
32 512 50 80 6 7
64 512 100 150 7 6
8 64 80 120 3 7
16 32 80 150 4 2
64 512 20 120 4 6
32 128 80 120 6 3
8 32 100 150 5 5
8 512 50 120 4 4
64 128 80 120 8 5
32 512 50 80 4 7
8 512 20 150 7 3
8 32 50 150 7 5
16 256 100 120 6 3
16 256 20 150 6 5
8 512 50 60 8 5
128 512 80 120 6 5
16 64 50 120 4 4
64 256 20 150 3 7
16 256 50 120 5 7
16 256 80 150 8 2
32 64 50 60 3 4
16 32 50 120 6 7
8 128 20 80 7 4
8 64 50 80 4 2
32 512 20 80 8 2
128 256 20 60 7 2
8 512 20 60 8 4
16 64 50 80 7 2
16 512 20 150 8 2
128 256 100 150 7 5
8 64 50 60 4 7
128 512 20 80 7 4
16 32 80 120 7 6
32 128 20 80 4 7
64 128 50 60 3 3
64 256 50 80 6 5
32 128 50 60 8 4
64 512 100 120 3 2
32 256 80 120 4 6
64 256 20 60 6 7
8 256 20 150 6 2
8 256 50 150 5 4
8 64 100 150 5 3
64 256 50 60 7 7
64 256 50 60 5 3
32 256 20 80 8 2
8 256 20 120 6 3
8 128 50 60 7 6
8 32 20 120 6 2
64 128 80 150 7 5
8 64 50 120 8 3
16 32 20 120 8 4
64 512 20 60 7 6
8 32 50 80 3 4
32 128 80 150 7 3
16 128 20 80 8 2
64 256 50 150 7 4
32 256 50 120 6 2
16 64 20 60 5 4
64 128 80 150 7 4
8 64 80 120 7 3
128 256 50 80 3 6
8 512 80 150 3 7
32 128 50 60 5 3
32 64 20 60 3 4
16 32 50 120 5 5
16 512 50 120 3 7
8 64 50 120 5 4
64 128 50 60 3 6
32 128 100 150 5 3
64 256 20 120 8 3
16 128 50 60 4 3
64 512 100 120 8 2
8 128 20 120 5 2
16 128 80 150 7 5
8 128 20 60 4 2
32 256 100 150 3 6
64 128 20 60 7 3
16 256 80 120 7 5
8 256 50 150 7 7
32 512 20 150 8 5
32 256 100 150 5 6
32 256 50 150 4 4
16 512 50 80 3 2
64 512 80 150 5 6
128 256 80 120 7 3
16 32 20 120 6 2
8 256 50 60 3 5
16 32 80 120 5 7
8 32 100 120 8 4
32 256 20 120 6 7
16 32 20 80 6 3
16 256 80 150 7 4
16 512 80 150 6 4
128 256 20 120 8 7
8 512 80 120 7 4
16 32 50 150 4 2
16 64 50 80 8 2
16 32 20 150 4 7
32 256 100 120 3 4
8 32 100 120 6 2
16 64 100 150 4 5
16 64 20 120 4 6
32 128 50 120 3 5
16 256 50 150 5 2
32 512 20 120 6 7
16 512 80 150 8 5
128 256 20 150 3 7
8 32 20 120 3 2
128 256 20 150 6 6
32 64 80 150 3 2
128 256 80 150 5 4
8 256 80 120 6 2
8 256 20 150 4 7
16 256 50 120 3 6
64 512 100 150 4 4
16 128 50 120 5 3
16 64 20 120 3 3
8 128 50 150 7 3
8 256 80 150 7 6
16 256 50 150 5 7
16 256 80 120 7 2
8 32 20 60 7 3
8 256 80 120 8 4
32 256 80 120 6 2
8 128 20 60 7 5
8 256 20 60 6 2
16 256 80 120 8 5
128 256 50 150 4 4
32 64 50 120 6 2
16 512 50 120 5 3
8 32 20 80 3 7
8 64 50 150 4 3
8 64 100 120 7 5
16 128 80 150 7 7
32 256 50 80 8 6
32 64 80 120 7 2
128 256 80 150 8 7
8 128 80 150 7 5
128 256 20 80 8 2
8 512 50 120 6 4
8 64 100 150 4 2
64 256 50 150 7 7
32 256 20 120 6 3
32 128 50 120 5 4
32 512 20 60 7 4
32 256 80 150 3 4
8 64 80 120 3 5
64 256 20 60 4 2
8 256 20 120 3 2
8 128 20 80 7 7
8 256 20 150 6 2
32 256 80 120 8 7
128 512 50 80 4 7
16 64 20 80 7 2
16 64 50 80 4 4
32 512 100 150 3 2
8 256 100 120 4 2
32 512 20 150 6 7
8 64 20 60 5 6
32 256 50 80 5 7
8 512 20 150 3 4
16 512 80 150 6 4
16 64 100 120 7 7
32 64 100 120 5 2
64 256 20 80 4 2
8 32 50 80 8 2
8 32 50 150 5 7
8 32 20 120 4 7
64 512 80 120 5 2
32 256 100 150 5 7
8 512 50 60 8 5
32 128 50 120 7 3
16 512 50 80 6 2
16 128 20 80 5 4
16 128 20 150 7 5
64 256 50 60 6 7
32 512 100 120 7 7
32 128 100 120 5 7
128 512 50 120 7 2
16 256 50 150 8 2
8 64 100 150 8 6
8 512 20 150 8 7
32 128 100 150 4 2
64 256 50 120 8 4
128 256 20 60 7 2
8 32 50 60 6 6
128 512 50 120 8 6
16 512 80 150 3 6
32 512 20 60 8 3
16 64 100 150 7 4
128 512 20 80 7 3
64 512 20 150 4 5
32 256 20 120 4 5
8 32 100 120 8 6
8 32 100 150 4 7
8 128 80 150 6 2
64 512 100 150 4 5
8 64 80 150 6 7
16 64 50 120 8 2
32 512 50 80 7 3
8 256 50 80 3 6
16 32 20 80 3 7
64 128 100 150 6 2
32 64 80 150 4 2
8 32 100 120 8 5
128 512 20 80 8 4
16 32 100 150 5 2
8 64 50 80 4 5
64 512 50 60 7 4
64 256 20 150 4 5
128 256 20 80 5 7
16 32 20 150 3 6
8 32 80 120 3 3
32 512 100 150 4 4
8 128 20 150 5 4
16 32 20 60 6 6
32 256 50 80 6 2
16 32 100 120 7 5
16 256 50 80 4 5
32 512 100 120 8 7
32 512 100 150 8 6
64 256 20 80 7 2
16 32 100 120 7 4
16 256 20 60 3 6
8 256 100 120 6 2
32 512 50 150 4 4
128 256 100 150 6 6
32 128 80 120 7 6
8 512 50 150 8 4
64 128 50 80 6 3
16 32 100 120 3 2
32 128 50 120 6 3
8 32 50 60 8 4
64 512 20 60 3 2
32 64 100 120 4 2
64 128 50 150 3 7
32 256 50 80 4 3
32 128 50 150 5 6
128 256 20 150 8 6
16 32 100 150 6 3
16 128 100 150 3 6
8 512 100 150 6 5
8 64 100 150 3 3
32 64 80 120 3 3
16 512 50 150 5 3
8 32 20 60 7 2
64 128 80 150 6 3
64 256 20 80 5 2
16 256 50 80 4 7
128 512 80 150 4 4
16 512 50 120 3 3
32 512 20 60 7 2
8 32 20 60 3 4
16 512 100 150 6 3
32 512 50 120 8 5
64 128 20 60 6 3
16 512 50 150 6 3
32 256 80 150 4 6
16 32 50 150 4 7
16 256 20 150 8 2
16 64 80 120 3 4
32 64 100 150 8 3
16 128 100 120 3 2
8 32 20 150 7 3
8 512 100 120 7 3
16 64 100 150 5 3
32 256 20 60 7 3
64 256 20 60 7 4
8 512 50 150 6 2
32 512 50 120 3 4
8 32 50 150 4 3
16 256 100 120 7 3
16 64 50 80 6 5
16 128 50 60 7 2
8 512 20 80 4 6
8 64 20 120 3 6
8 32 80 120 6 4
8 32 50 60 8 2
128 256 100 120 4 4
16 32 80 150 7 7
16 512 80 150 6 3
16 256 20 120 6 3
16 64 50 150 6 5
8 64 50 80 7 3
64 512 20 120 4 3
32 256 100 120 8 6
8 32 100 150 4 7
8 64 20 150 7 4
64 256 100 120 5 2
64 256 50 120 8 5
16 128 20 80 3 7
64 256 20 80 5 6
32 64 20 150 6 4
32 512 50 150 7 2
8 32 50 150 7 7
16 256 20 150 5 4
64 256 50 150 3 4
128 512 50 120 6 4
8 256 20 80 8 7
32 64 50 150 5 4
32 256 50 60 4 6
32 256 80 120 3 6
8 256 50 60 8 2
8 64 50 60 3 5
128 256 50 80 7 6
16 128 50 150 3 6
8 256 20 80 6 3
16 256 50 80 7 4
64 256 50 120 3 7
32 256 100 120 4 4
16 128 50 120 3 2
128 512 50 120 8 2
8 512 100 150 7 5
8 512 80 120 3 2
8 64 20 60 4 3
32 64 100 120 3 2
8 512 20 120 4 2
8 64 100 120 7 4
32 64 80 120 3 3
64 128 100 120 8 3
32 64 50 60 3 6
16 128 20 120 7 4
8 64 80 120 4 2
8 64 50 120 4 5
8 32 50 60 4 2
128 512 20 150 8 5
8 32 50 150 8 6
32 512 20 150 3 4
64 512 50 80 8 2
32 128 100 150 6 3
8 64 80 150 3 7
16 64 80 120 6 5
32 64 20 80 8 3
16 128 50 150 8 4
128 512 50 60 3 5
8 64 50 60 4 3
8 64 50 150 5 4
8 32 20 120 7 5
32 64 80 150 8 7
32 128 20 150 6 3
8 32 50 120 7 4
64 256 20 60 4 7
32 256 50 80 8 6
8 64 80 150 5 7
8 512 20 150 8 5
64 256 100 150 7 5
32 512 50 120 6 5
16 64 50 60 5 3
8 512 100 150 5 4
32 128 20 60 5 4
16 128 50 150 6 6
16 256 100 120 6 4
32 256 50 150 5 6
16 32 50 60 8 4
128 512 50 80 6 7
128 256 100 150 5 5
8 32 20 60 7 5
16 64 50 60 5 7
128 256 50 120 5 3
8 32 50 120 6 3
128 256 100 120 7 2
8 32 100 120 4 6
64 256 50 150 3 4
8 32 80 120 6 7
8 128 50 150 3 4
16 64 20 80 5 4
16 64 50 80 3 7
64 512 50 80 6 5
16 256 20 80 5 3
128 256 20 60 6 4
64 512 50 80 8 7
32 128 100 150 3 2
32 64 20 120 4 3
64 128 50 150 6 4
8 256 20 150 8 2
128 512 20 80 5 4
128 256 80 150 4 4
8 512 80 150 3 4
32 64 100 150 7 5
128 512 50 80 4 7
16 64 20 120 8 3
32 64 20 120 4 5
64 256 50 120 5 5
8 64 50 120 8 6
8 32 50 60 7 4
8 32 100 120 6 3
16 256 20 80 6 3
32 256 50 150 7 6
16 32 50 80 3 2
8 128 20 60 4 7
8 32 80 150 8 7
8 128 100 120 4 7
64 512 50 60 5 5
16 512 20 150 8 6
16 128 50 150 3 6
32 64 20 120 6 5
128 256 80 150 8 6
32 256 80 120 8 4
32 256 20 60 4 5
64 128 20 80 5 7
128 512 20 120 7 4
8 128 100 120 3 4
128 256 50 60 4 3
16 128 50 120 4 2
8 256 50 150 4 2
128 512 100 150 6 5
16 128 20 80 8 6
8 64 100 120 7 4
8 64 50 60 8 2
32 128 100 120 6 7
32 512 20 80 3 5
64 512 20 120 3 4
128 256 80 150 6 2
32 512 20 60 3 2
128 512 50 150 4 5
128 512 80 150 4 2
8 64 80 120 5 7
32 256 100 120 5 4
16 64 100 120 7 4
32 256 50 80 4 5
128 512 50 120 7 3
8 512 20 120 3 4
16 256 100 150 3 5
16 128 20 120 7 3
8 128 50 150 3 5
16 128 50 80 4 5
32 128 20 80 4 7
16 64 20 150 8 2
32 256 50 120 4 5
64 256 100 150 3 4
32 64 20 80 4 2
32 128 20 120 8 7
32 512 50 120 4 2
32 128 100 120 5 6
64 512 100 150 4 6
8 256 50 120 7 3
128 256 20 60 5 4
16 128 80 150 4 5
32 256 50 60 4 4
16 512 50 150 8 3
128 512 50 150 5 7
64 512 100 120 6 4
64 256 20 120 6 2
8 512 100 120 5 4
128 512 80 150 7 7
32 256 80 150 4 5
64 256 80 120 5 6
16 32 100 150 5 5
8 64 20 60 5 2
64 128 20 80 8 4
16 256 50 120 5 4
16 512 50 150 3 6
16 512 100 150 5 3
16 32 50 150 6 2
8 256 80 150 3 4
64 256 50 120 6 3
16 256 20 150 8 6
64 256 80 120 4 4
32 256 80 120 6 7
8 32 20 80 6 7
16 512 20 120 4 7
8 512 80 150 3 7
8 512 100 150 5 4
16 128 50 80 6 5
128 256 20 80 5 3
8 512 80 120 6 5
32 64 20 80 7 4
16 64 100 150 5 4
64 128 100 120 6 4
128 256 50 60 3 3
8 128 20 120 4 4
16 32 100 120 8 6
16 256 80 150 5 5
32 512 50 80 4 7
8 32 50 80 5 3
32 512 20 150 6 6
32 256 100 150 6 7
8 32 50 80 3 7
8 32 50 80 3 2
8 128 80 150 3 2
128 512 20 120 6 6
8 512 50 150 3 7
16 512 50 150 8 2
16 256 20 60 4 3
8 256 100 120 8 6
64 512 100 150 8 4
64 128 50 80 8 3
8 128 50 150 7 5
64 512 20 80 8 3
128 256 20 120 3 5
32 128 50 80 5 6
8 512 100 150 8 7
16 512 50 80 7 6
32 64 50 80 8 3
64 512 50 80 8 6
8 64 50 120 3 6
16 256 80 120 7 5
16 512 100 150 3 4
128 512 80 120 4 4
8 512 20 120 7 2
16 128 80 120 5 7
64 512 20 80 6 3
8 512 20 120 5 5
8 64 20 150 5 4
16 64 50 80 5 7
32 64 80 150 7 5
8 256 80 120 4 7
32 256 50 120 4 5
8 128 20 150 3 7
8 32 50 150 6 5
16 256 50 60 8 2
32 64 50 120 3 2
8 64 100 120 3 3
32 128 50 80 6 4
64 128 20 80 7 6
8 512 20 150 6 3
64 256 20 120 4 6
64 256 50 150 4 5
64 128 100 120 4 5
64 256 100 150 6 7
64 256 80 120 3 3
8 256 50 150 6 3
8 32 80 120 6 4
64 512 100 150 3 4
8 128 50 80 8 3
128 512 80 150 7 2
64 512 100 150 7 2
32 128 20 120 5 6
16 32 100 120 7 3
8 32 100 150 6 5
128 256 20 120 5 3
32 64 50 80 4 6
16 128 20 120 6 4
16 512 80 150 8 3
32 512 20 80 7 4
16 128 50 150 8 2
16 256 20 80 4 3
8 512 100 150 7 6
16 32 20 60 5 5
8 32 100 120 4 6
128 512 50 150 5 7
16 32 20 60 4 5
64 256 80 120 6 2
8 256 50 60 8 6
8 64 20 60 8 6
128 512 100 150 6 7
8 128 50 60 8 5
128 512 20 150 6 3
16 512 20 120 3 4
128 256 100 150 3 4
16 64 20 150 8 4
64 256 100 150 6 6
8 64 20 120 4 6
32 256 20 60 7 6
8 64 20 120 3 3
16 32 50 120 4 5
16 32 80 150 5 6
16 64 50 60 5 5
8 64 50 80 8 6
64 512 80 150 3 6
16 512 50 120 6 7
128 256 100 150 4 3
128 256 20 150 6 6
8 64 50 120 7 4
8 128 20 80 4 4
8 512 100 120 5 7
16 512 20 150 7 3
64 128 50 120 8 2
128 512 100 150 4 6
32 512 50 120 3 5
32 64 100 150 4 4
16 32 50 80 5 2
16 128 80 120 3 5
16 512 50 120 3 3
8 64 20 60 6 6
8 64 80 120 5 2
32 128 50 80 5 4
64 256 50 60 4 7
8 128 80 150 4 7
64 512 50 150 6 5
128 256 80 150 4 6
8 64 20 80 3 3
8 512 100 120 3 4
32 128 50 150 5 3
16 256 20 120 8 3
64 512 20 120 8 7
64 128 100 120 3 2
128 512 20 60 8 7
32 128 50 150 7 4
64 256 100 150 4 2
128 512 50 80 7 6
16 256 50 60 6 6
8 256 20 60 6 6
16 512 50 120 6 6
64 512 100 120 4 7
16 128 20 60 7 7
16 256 20 60 8 7
16 32 50 150 8 3
64 128 50 80 5 7
16 128 50 60 4 7
16 32 80 150 4 3
128 512 50 150 7 5
64 128 50 150 4 3
16 32 20 80 6 6
16 128 100 120 4 6
16 64 20 120 6 4
32 512 20 120 4 5
128 256 100 150 8 7
8 512 50 80 4 2
16 128 20 80 7 7
8 32 20 120 3 2
64 128 50 120 3 6
8 512 50 150 4 5
64 128 50 80 5 7
8 256 20 120 3 4
8 256 80 120 7 2
16 128 80 120 8 4
16 256 80 150 3 2
64 128 80 120 4 2
32 128 100 120 7 2
16 128 100 120 7 5
16 512 20 80 8 7
32 128 50 60 7 7
16 256 50 60 3 4
16 128 50 60 7 4
128 256 100 150 4 4
32 512 20 120 5 6
128 256 50 60 7 5
64 128 50 120 6 6
16 64 20 60 5 4
32 256 50 120 5 7
8 512 20 150 8 7
32 64 100 120 7 5
8 32 20 120 7 5
16 64 80 150 6 7
16 32 50 120 7 4
128 256 80 150 3 3
16 32 20 150 8 6
8 512 50 80 3 2
32 64 50 150 3 3
128 512 20 120 6 5
128 256 80 150 8 5
8 128 80 150 4 4
64 128 50 120 3 7
128 256 50 60 4 4
32 64 50 80 5 5
64 512 20 150 3 6
16 512 20 60 6 3
8 512 50 60 5 5
16 256 50 60 5 5
16 128 50 120 8 5
32 128 20 60 8 7
32 512 100 150 3 3
16 256 100 150 8 2
64 128 20 80 7 7
16 512 80 150 5 4
32 256 50 80 6 5
16 64 50 150 7 4
32 512 80 120 8 3
8 128 100 120 7 4
16 32 50 120 4 6
16 32 50 120 7 2
16 32 20 60 7 2
8 512 20 150 3 7
8 512 20 60 3 5
16 128 20 60 5 4
8 128 80 150 3 4
64 512 20 80 8 6
64 512 50 60 6 2
32 64 20 150 7 3
32 512 20 150 7 6
128 256 20 60 5 2
64 128 100 150 4 3
16 64 80 150 6 6
32 128 80 120 8 5
16 256 100 120 3 3
16 128 50 60 7 7
16 32 80 120 7 5
32 256 80 120 3 6
16 128 100 120 7 5
16 256 80 120 8 3
8 128 80 150 4 5
8 256 50 120 8 5
8 128 20 120 7 6
32 64 80 120 6 5
16 32 50 60 5 3
8 32 100 150 6 6
8 128 20 150 7 3
32 256 80 150 6 6
16 64 50 80 4 2
32 256 50 60 7 3
32 512 80 120 7 6
32 128 50 150 5 4
32 256 50 80 8 7
16 32 50 150 5 3
16 128 100 150 5 2
128 256 50 120 8 7
16 64 50 80 6 4
8 32 20 150 5 2
32 128 50 120 4 5
32 64 20 60 6 4
16 32 50 120 7 2
64 128 100 120 6 3
8 512 20 120 4 4
128 256 50 120 6 6
32 512 50 150 7 2
32 64 20 120 7 7
128 512 50 120 5 2
128 256 50 120 4 2
8 512 80 150 3 3
16 32 50 60 5 5
16 64 100 150 6 2
8 64 50 120 3 4
8 128 100 120 3 3
16 32 20 60 3 7
64 512 80 150 8 5
32 128 80 150 5 6
64 128 100 150 3 5
8 32 100 150 4 5
8 32 50 120 7 4
32 64 50 60 7 6
16 512 100 150 8 2
16 32 100 150 4 2
8 32 80 150 8 2
16 64 50 80 7 6
128 256 50 60 8 4
8 256 100 150 3 6
64 512 50 120 3 3
128 256 20 60 5 4
8 512 80 150 8 7
16 512 50 150 7 7
64 256 80 120 3 7
8 512 100 150 6 7
8 512 20 150 5 6
16 32 50 60 7 7
8 64 100 120 5 2
128 512 100 120 7 2
16 32 50 150 8 2
8 128 50 60 3 6
8 256 100 150 4 6
16 128 20 150 8 7
16 32 20 120 7 6
32 256 50 150 4 2
8 512 50 80 6 5
64 256 50 60 8 4
128 512 100 150 8 7
16 512 50 150 6 3
32 128 80 150 4 3
32 64 50 60 4 6
16 64 80 150 6 2
8 64 50 150 7 2
128 256 100 120 7 5
64 128 50 120 4 5
8 256 20 120 4 3
16 64 50 150 8 6
32 128 100 150 6 6
16 32 20 120 3 5
16 256 80 150 3 7
32 128 80 120 6 7
8 128 80 120 5 3
16 512 20 120 3 6
16 512 50 120 8 5
8 64 100 150 5 3
8 64 50 150 4 3
64 128 80 150 7 4
32 256 20 60 4 6
64 128 50 120 7 5
32 64 100 150 8 5
8 64 100 150 3 6
64 128 100 150 4 2
16 64 20 60 6 5
8 64 100 120 3 5
16 64 80 120 7 6
16 128 20 120 5 5
8 256 20 80 4 4
8 32 100 150 3 2
8 64 50 60 5 4
8 256 20 120 3 5
32 64 50 80 8 6
16 512 100 150 7 2
64 256 50 60 6 5
32 256 50 120 7 2
16 64 20 150 7 4
32 64 50 120 4 2
16 64 80 120 5 6
16 128 50 150 7 2
32 512 100 120 8 2
16 256 50 80 6 5
8 512 50 60 7 2
8 512 20 60 8 2
8 256 20 80 7 2
64 512 20 80 6 6
16 32 50 60 4 5
16 128 50 80 3 6
8 128 50 60 7 3
16 128 20 60 3 4
8 32 50 60 8 7
16 256 20 60 8 4
16 256 20 120 6 5
32 512 20 60 6 7
16 64 80 150 5 4
128 256 80 150 6 3
32 128 80 150 4 2
16 32 50 60 6 7
64 512 100 120 6 7
128 256 50 80 5 3
8 32 50 150 8 3
8 32 20 120 4 7
32 64 20 150 8 4
64 128 20 60 3 6
16 64 50 80 3 2
32 512 50 60 5 2
64 512 20 150 7 5
8 64 50 120 5 6
64 256 20 120 5 4
8 64 50 60 8 4
8 256 100 120 6 4
8 32 20 120 8 3
16 512 50 60 3 6
16 512 50 150 8 2
64 128 50 120 4 4
32 64 20 150 3 4
16 256 80 120 7 6
8 256 100 150 4 4
64 256 20 150 6 6
32 128 20 80 6 2
16 32 80 120 4 4
8 64 100 150 8 4
8 32 80 150 8 2
16 256 80 120 6 7
64 512 20 60 5 6
32 256 100 120 8 2
16 512 100 150 5 2
16 256 20 120 7 5
32 256 100 120 5 5
8 64 20 150 8 4
32 128 50 150 5 6
16 64 20 60 6 7
32 128 80 120 3 4
128 256 20 60 8 7
32 128 100 150 4 3
8 64 20 150 6 2
16 32 50 150 5 6
16 256 80 120 5 3
64 256 50 80 6 4
8 32 20 60 8 2
128 256 80 150 8 5
64 512 50 150 5 2
32 512 100 120 3 6
64 512 80 120 7 3
8 32 20 120 5 2
16 32 50 120 6 7
32 128 100 120 7 6
32 256 80 120 4 4
32 64 50 150 8 6
32 64 20 80 7 5
128 256 20 60 8 2
16 128 100 120 6 7
8 128 20 60 4 3
32 256 20 120 6 7
128 512 20 60 6 2
16 512 80 150 8 3
8 512 80 150 5 3
8 32 80 120 4 6
16 32 100 120 3 2
16 128 100 120 5 7
32 512 100 150 6 2
8 32 80 150 7 7
128 256 50 80 5 4
8 512 50 120 8 4
64 512 100 150 6 2
16 32 50 120 7 6
8 64 50 120 3 4
16 128 50 60 8 6
32 64 50 120 7 2
8 256 50 150 6 6
8 32 80 150 7 5
8 256 50 150 5 6
128 512 50 60 8 3
16 128 50 80 6 4
32 64 50 120 4 7
8 128 20 150 6 6
8 256 20 60 7 7
16 128 50 150 3 6
8 256 20 60 6 4
128 512 20 80 5 7
64 128 50 60 6 7
32 128 100 120 6 4
16 256 80 150 8 5
8 64 50 120 3 5
8 256 80 120 4 3
8 512 80 120 8 4
64 512 20 60 5 2
8 128 100 150 6 7
64 128 80 150 6 2
8 64 100 150 3 2
32 64 100 150 8 3
32 64 50 80 8 3
16 256 20 80 3 2
16 256 50 120 8 3
16 256 100 120 7 7
