2000 4 0
8192 1500 1800 200
4 8 5 10 100 150 2 4 7 3 5 7
4 32 5 120 20 150 4 6 5 3 1 7
16 128 20 120 100 150 4 12 6 2 5 5
4 128 5 60 40 100 10 20 7 4 3 3
8 16 5 120 20 150 15 20 7 2 5 5
4 8 50 60 20 100 2 4 3 5 3 1
4 64 80 120 20 40 2 20 7 4 3 1
4 64 50 120 40 60 2 12 4 5 5 9
64 128 5 120 40 100 4 6 7 7 6 1
4 16 50 120 60 150 4 20 6 7 6 3
16 32 50 60 60 150 2 12 8 4 4 7
8 16 50 60 40 60 10 20 5 6 1 5
4 8 5 60 20 60 4 20 5 3 5 3
8 128 50 60 100 150 2 12 3 5 1 3
64 128 5 120 60 150 6 20 6 7 5 5
4 8 80 120 40 60 6 20 5 3 3 9
4 16 80 120 40 100 6 20 7 7 6 1
16 128 80 120 40 150 4 12 7 4 4 5
8 16 50 60 20 60 10 12 6 4 2 7
16 32 5 60 40 60 2 12 7 3 1 7
8 64 5 60 60 150 2 8 6 7 2 5
4 8 50 60 20 150 2 8 4 2 4 9
16 64 5 10 20 40 4 6 3 5 4 3
32 64 50 60 100 150 4 12 8 6 1 3
16 64 50 60 20 100 6 12 8 3 1 1
4 16 5 120 20 60 2 6 6 4 5 5
8 64 5 10 20 150 2 12 4 2 4 5
8 128 5 120 60 100 2 20 3 3 2 3
16 32 5 120 20 60 2 8 8 6 4 9
16 32 80 120 20 100 6 8 6 5 3 5
8 128 5 120 100 150 2 12 7 3 1 9
4 32 5 120 100 150 4 20 5 5 4 3
64 128 80 120 100 150 6 20 6 4 5 9
4 8 20 120 20 40 4 6 4 6 1 9
8 32 5 60 20 100 4 6 7 7 5 5
32 128 5 20 20 40 2 12 3 4 2 5
8 64 50 60 40 60 2 6 3 3 2 5
4 16 80 120 20 60 2 20 7 5 1 1
32 128 20 120 20 60 10 20 7 6 1 3
4 8 5 10 100 150 4 6 4 2 3 3
8 32 5 60 40 150 4 12 3 5 5 5
4 64 5 60 40 60 15 20 3 5 2 9
8 64 20 120 20 100 2 8 5 6 3 9
8 32 5 60 20 40 4 20 3 6 2 7
8 64 20 120 20 150 2 8 5 4 3 3
32 128 50 60 40 60 4 20 6 4 3 7
4 128 20 120 20 150 2 4 5 6 1 9
8 16 5 20 40 150 6 20 5 4 5 3
16 128 80 120 60 100 2 20 8 7 2 7
32 128 50 60 40 100 10 12 7 4 6 3
4 128 5 20 60 100 2 4 4 5 3 5
4 16 50 60 60 150 6 20 3 4 4 1
16 128 20 60 100 150 4 12 4 4 4 7
4 32 50 60 60 100 2 12 5 6 5 3
64 128 50 60 40 150 6 8 7 2 5 3
4 8 50 60 20 60 2 12 3 4 6 5
4 64 5 120 20 100 10 12 8 6 6 7
8 64 5 10 20 40 2 4 4 6 3 7
8 32 50 60 20 150 4 20 6 3 6 1
32 64 5 60 20 40 2 4 5 3 1 7
8 16 5 60 40 100 4 8 3 5 1 1
16 128 5 20 20 100 2 8 5 6 5 7
4 8 50 120 60 100 10 12 7 4 1 5
4 64 5 120 40 60 2 8 6 5 2 1
4 32 5 120 40 60 10 20 7 7 3 1
32 64 5 120 20 100 4 20 7 2 5 7
4 64 5 60 60 150 2 20 6 7 1 9
16 128 5 60 20 60 4 12 4 4 1 5
4 8 50 120 20 60 2 20 4 3 6 5
8 128 50 60 60 100 15 20 8 5 6 3
4 64 80 120 100 150 4 6 8 6 5 5
4 128 5 120 60 100 2 20 5 7 5 3
16 64 50 60 20 100 10 12 8 5 6 5
4 8 50 60 60 150 2 12 6 4 1 9
4 16 5 120 40 100 2 8 6 5 2 1
16 128 5 10 40 100 4 20 5 5 5 9
32 64 50 120 20 100 4 20 3 7 1 9
32 128 50 60 100 150 2 12 7 6 1 3
16 32 5 20 20 150 6 8 7 5 6 3
8 128 5 10 40 150 2 6 6 6 1 3
4 16 5 10 100 150 2 4 5 7 6 7
8 64 20 120 60 150 10 12 3 6 1 7
8 16 50 120 20 60 4 6 4 7 3 5
16 64 5 10 60 150 4 20 5 6 6 7
32 64 5 20 60 100 2 12 7 6 1 3
16 32 50 60 40 60 10 12 7 2 6 3
4 32 50 60 40 100 10 12 7 2 4 3
16 32 50 120 40 100 4 20 3 7 3 7
64 128 50 60 100 150 4 6 8 3 2 3
16 32 20 120 20 60 2 4 6 7 2 1
4 8 5 60 60 150 10 20 3 5 6 7
4 32 5 60 20 150 2 4 5 7 6 5
16 64 50 120 40 100 2 12 3 5 2 9
4 16 50 60 40 100 6 8 3 2 4 3
32 64 5 10 20 100 2 20 7 7 1 9
4 64 20 60 60 150 4 6 8 5 4 3
16 32 50 60 60 100 6 20 4 6 4 1
16 128 80 120 20 150 4 12 6 5 4 3
8 64 5 10 40 60 10 20 4 6 3 7
8 128 5 60 40 60 2 8 5 5 1 3
8 64 20 60 60 100 4 6 6 6 1 3
8 128 5 20 20 40 2 6 7 6 6 7
4 32 80 120 20 60 2 8 5 5 6 5
32 64 50 60 60 100 4 8 5 4 6 9
4 32 5 60 20 100 4 6 4 3 6 1
4 16 5 60 20 60 4 12 5 2 5 5
16 64 20 60 20 40 4 12 6 2 3 1
4 8 5 60 40 150 6 20 7 2 4 9
16 64 50 60 100 150 2 4 5 7 5 1
16 128 50 60 40 150 4 8 5 7 1 1
4 128 5 20 20 150 2 12 5 4 2 1
32 64 5 20 60 100 4 20 4 5 3 9
8 32 20 60 20 60 15 20 6 7 3 1
4 128 50 60 100 150 4 20 8 5 3 7
16 128 50 60 60 100 4 6 3 6 2 9
8 16 5 60 40 100 15 20 3 4 4 1
4 32 5 20 40 60 2 6 6 5 6 7
4 32 50 60 40 60 2 20 8 3 2 9
16 128 20 60 40 60 6 8 6 4 6 7
16 64 5 20 20 150 10 20 6 4 5 7
16 32 20 60 20 100 15 20 5 4 1 7
4 8 5 60 100 150 4 8 8 6 4 1
8 16 20 60 20 60 2 8 5 5 2 9
8 32 50 120 100 150 4 8 4 2 1 7
16 32 5 60 60 150 6 20 8 3 3 9
4 8 50 60 60 100 10 12 7 7 1 5
32 64 50 120 20 100 2 8 8 6 1 5
8 64 5 10 20 40 15 20 7 3 2 5
32 64 20 120 60 150 2 4 7 7 3 7
8 32 80 120 40 60 10 20 4 5 6 9
32 128 20 60 20 150 4 8 7 6 5 1
32 128 50 60 60 150 4 8 8 7 1 5
4 16 5 10 60 150 2 6 7 2 5 1
4 32 5 120 40 60 4 8 3 7 5 7
8 64 50 120 40 100 2 20 8 5 2 9
16 64 20 120 20 40 10 20 8 6 5 9
32 128 5 60 100 150 2 8 6 3 6 3
8 16 50 120 20 100 10 12 7 4 4 5
16 32 50 120 40 60 2 20 4 2 6 3
8 32 5 60 20 60 6 8 6 4 1 5
64 128 20 120 20 60 4 6 5 2 2 3
4 128 50 60 20 60 10 20 5 3 2 1
8 128 50 120 20 100 2 4 6 5 2 5
16 128 5 20 20 150 4 12 6 3 3 5
32 128 80 120 20 150 4 8 5 5 6 9
16 128 20 60 20 40 2 4 5 6 1 7
16 128 5 60 60 100 2 4 4 3 1 9
4 8 50 60 100 150 4 20 8 4 1 3
8 128 20 60 20 60 2 6 3 5 4 9
4 8 5 10 60 100 6 8 7 7 5 1
8 128 50 120 40 100 4 8 6 2 5 9
8 128 50 60 40 60 4 8 8 4 1 1
4 8 5 20 60 100 4 12 3 6 4 3
8 32 50 120 40 60 2 20 4 6 5 5
8 128 20 60 20 60 2 8 3 5 2 5
8 32 5 120 20 60 2 20 6 5 1 3
4 8 80 120 20 60 2 8 7 6 4 7
8 128 50 60 60 150 4 6 8 7 3 3
4 32 80 120 60 150 4 8 4 7 6 1
32 128 5 120 60 150 4 6 8 3 4 7
16 32 20 120 40 150 2 12 5 6 1 1
16 64 5 60 40 150 15 20 3 4 1 5
4 16 5 10 40 150 6 20 4 2 6 5
4 16 5 120 20 40 4 20 5 2 6 7
32 64 20 60 20 150 10 20 3 5 5 9
8 128 50 120 20 60 6 8 4 7 5 3
16 32 20 120 60 100 10 20 8 4 1 5
32 128 80 120 100 150 15 20 3 6 3 9
4 8 20 120 20 150 4 20 3 6 5 7
4 16 20 120 60 100 4 12 6 4 1 7
64 128 5 60 40 150 4 6 5 5 1 7
4 8 80 120 20 60 2 4 6 3 5 3
8 64 5 120 60 150 10 12 7 2 5 1
4 64 50 120 40 150 4 6 7 7 1 3
8 128 20 120 20 60 2 4 3 2 3 7
8 32 20 60 40 60 6 8 5 5 6 7
8 64 20 60 60 150 6 20 8 7 1 9
32 128 5 60 40 60 10 20 4 6 4 3
4 32 20 60 40 60 2 4 3 4 4 5
4 8 50 60 40 150 2 12 5 3 6 3
8 16 20 60 40 150 2 6 7 2 3 3
8 32 5 60 20 40 2 8 8 3 3 3
32 128 5 120 100 150 2 12 8 7 1 1
16 32 5 120 20 100 6 8 7 4 1 7
4 128 50 60 40 100 4 12 5 6 3 3
4 32 5 20 40 100 6 20 6 4 1 9
4 64 80 120 20 40 4 20 7 2 2 3
4 8 50 60 20 150 6 12 7 7 1 7
4 128 5 60 20 150 6 12 3 7 1 1
16 128 80 120 40 150 2 20 4 5 6 5
8 32 20 120 40 100 4 6 6 2 5 9
8 16 5 60 60 100 2 12 5 2 3 9
16 128 5 120 40 150 4 6 6 2 2 9
4 8 80 120 20 100 2 4 3 3 1 5
4 16 20 60 20 100 6 20 4 4 3 7
8 128 20 120 20 60 2 12 7 7 2 5
4 64 5 20 20 60 2 12 8 2 6 1
8 128 50 60 20 60 2 6 5 3 5 7
8 16 5 120 100 150 2 6 6 2 3 1
4 32 5 10 40 150 2 4 4 5 5 7
16 64 5 20 60 150 4 20 6 7 1 1
8 16 5 20 20 150 6 8 4 4 3 9
8 32 5 120 40 60 2 12 4 3 6 1
4 32 50 60 20 40 6 8 3 3 4 7
4 64 5 120 40 60 15 20 5 3 4 3
64 128 80 120 20 150 10 12 3 5 1 5
16 128 5 10 40 100 10 12 7 3 4 5
4 16 20 120 20 100 2 8 7 7 4 7
32 64 5 60 40 100 6 8 8 4 4 5
8 16 50 60 40 100 4 12 8 2 1 7
4 8 20 60 100 150 6 20 6 3 6 1
16 64 20 60 20 150 4 8 5 5 4 5
32 64 5 60 60 150 2 4 6 2 2 9
4 32 80 120 60 150 4 8 7 3 3 7
8 32 20 120 40 100 4 8 7 6 6 9
8 128 50 60 60 150 2 20 3 3 4 7
16 32 5 20 20 60 4 8 6 2 5 3
32 128 5 20 20 60 10 12 4 2 1 3
8 64 20 120 20 150 2 6 5 2 2 5
8 32 5 120 40 60 2 12 7 2 3 1
32 64 5 60 60 150 6 8 3 4 3 7
8 32 5 60 20 60 4 8 4 6 2 1
16 128 50 60 60 100 2 6 8 2 3 5
4 32 5 20 60 100 15 20 6 7 6 5
8 32 50 60 60 150 4 6 6 4 2 7
16 32 50 60 20 40 4 6 6 7 6 1
32 128 5 20 40 150 6 8 5 4 4 5
4 128 50 120 20 150 10 20 4 5 1 3
8 128 50 120 20 150 2 12 4 6 5 9
16 32 20 60 40 100 4 8 8 4 6 1
16 128 5 10 40 60 2 12 4 3 2 9
4 8 5 20 20 150 6 20 8 3 6 7
32 128 5 20 20 150 2 8 8 4 6 5
4 8 80 120 40 60 2 12 5 7 1 9
8 16 50 120 40 100 2 6 8 4 6 1
16 32 5 10 20 60 2 6 3 2 1 1
32 64 50 60 40 60 10 20 4 4 4 7
16 128 20 60 40 150 6 12 3 3 6 3
32 64 80 120 40 150 4 6 6 2 5 5
64 128 50 120 20 60 4 12 5 7 4 1
32 128 5 60 20 60 2 6 4 4 2 1
32 64 20 120 40 100 2 12 4 5 1 9
8 128 5 10 20 40 2 4 7 3 6 5
8 32 50 120 40 150 10 20 7 5 3 5
8 32 5 60 40 100 2 4 5 6 6 5
4 64 20 120 100 150 2 6 8 7 5 5
8 128 5 10 20 40 15 20 7 7 1 9
32 64 5 20 20 100 4 6 5 7 3 5
4 16 50 60 40 150 4 6 5 3 4 9
8 128 20 120 20 150 2 6 3 2 6 1
16 64 50 120 60 100 2 20 8 2 4 9
4 8 5 60 20 60 15 20 4 3 6 1
4 128 20 120 20 100 10 20 8 4 1 1
4 32 20 60 100 150 6 20 7 3 5 1
4 64 5 120 40 150 4 6 4 4 4 7
8 128 5 120 40 100 4 8 4 6 2 5
64 128 20 60 60 100 2 6 4 2 6 7
8 128 5 10 20 60 2 20 3 4 4 9
4 16 80 120 100 150 10 12 5 4 4 5
8 16 50 60 60 100 2 8 6 5 6 7
4 16 50 120 20 150 4 6 8 7 1 7
8 32 5 60 60 150 2 12 7 2 4 7
64 128 5 20 60 150 4 12 4 2 3 1
16 64 5 20 40 150 10 12 5 4 6 1
64 128 20 120 40 150 6 8 3 4 1 9
4 32 5 60 40 100 6 20 7 6 5 3
8 128 5 120 40 150 10 12 3 7 3 5
4 16 80 120 20 150 15 20 7 4 4 3
4 16 20 120 20 40 6 8 6 4 3 9
8 128 20 60 20 60 10 20 6 6 2 1
8 32 5 120 20 100 15 20 7 3 1 7
4 16 80 120 40 60 2 8 4 2 6 1
8 16 5 10 20 150 2 4 3 7 2 3
4 128 5 20 20 60 2 8 3 4 1 9
4 32 50 60 60 150 15 20 6 2 6 9
8 128 20 120 60 100 10 20 6 3 1 7
8 32 5 10 20 100 6 8 8 6 6 1
32 128 5 20 20 40 2 4 6 7 6 3
4 16 80 120 100 150 6 12 5 6 3 1
16 32 20 120 60 150 2 12 6 7 5 7
8 16 5 120 40 60 4 20 3 2 3 5
32 64 20 60 20 100 6 12 5 2 3 7
8 16 80 120 40 60 6 8 8 3 1 3
64 128 5 10 40 150 6 20 6 7 6 3
32 128 50 120 20 40 2 12 6 2 4 3
16 64 5 10 60 150 15 20 3 4 5 1
8 64 5 60 100 150 6 8 5 2 6 7
8 16 80 120 60 150 6 8 5 2 4 5
64 128 50 120 100 150 6 8 6 2 3 7
32 64 5 60 20 100 6 20 6 7 1 3
4 128 20 60 100 150 4 8 8 5 5 9
32 64 5 20 20 100 6 12 5 3 5 9
4 64 5 120 40 100 2 12 8 7 5 3
32 64 20 120 60 100 10 20 7 3 4 9
4 64 20 120 20 100 15 20 5 2 1 7
16 64 50 120 20 60 4 8 7 7 6 1
4 128 5 20 20 40 2 6 4 3 3 7
32 64 50 120 40 60 4 12 6 2 6 5
16 128 5 10 40 60 6 8 4 5 2 3
8 128 20 120 40 60 6 20 4 6 5 7
8 128 5 60 40 150 2 8 4 2 4 5
8 128 50 120 20 60 2 4 6 7 5 7
4 32 5 120 20 100 6 8 4 2 3 3
32 128 5 10 60 100 10 12 4 6 5 9
4 32 5 10 40 150 2 12 6 2 5 5
4 64 5 120 40 60 6 12 5 2 3 5
4 16 50 60 20 60 4 12 4 3 3 5
8 32 5 10 60 100 4 6 5 4 2 3
8 16 20 60 20 150 6 20 8 4 1 5
16 128 80 120 60 150 10 12 5 3 6 7
16 32 20 120 60 100 4 8 7 6 3 7
32 128 5 60 20 100 4 20 7 5 3 5
4 64 50 120 60 150 15 20 7 6 1 7
4 64 50 120 20 100 2 6 4 6 1 3
4 16 5 120 40 100 2 8 4 4 6 5
4 64 5 120 60 100 2 6 6 5 5 9
4 64 50 120 20 40 4 12 8 6 4 1
16 32 50 60 100 150 10 12 6 4 6 3
64 128 20 120 20 100 6 8 5 4 3 5
4 16 5 20 60 100 6 12 7 5 3 7
16 32 5 10 60 150 6 20 5 7 1 5
4 16 5 60 20 100 2 20 4 2 1 1
8 128 80 120 20 60 2 12 3 7 6 3
32 64 80 120 20 40 6 20 5 6 3 5
8 128 5 120 40 100 2 4 6 5 5 9
32 128 20 60 100 150 15 20 5 5 2 5
4 8 20 60 40 60 2 8 6 6 5 5
8 64 80 120 20 60 4 6 7 7 5 1
16 128 5 20 40 60 10 12 4 6 3 7
16 128 5 10 40 150 2 12 5 7 1 7
16 128 5 20 40 100 2 4 7 3 2 7
8 32 20 60 20 40 6 12 8 4 3 9
16 64 5 10 20 40 2 6 4 4 4 5
8 64 80 120 20 100 2 6 8 2 5 9
32 128 5 10 20 150 4 6 6 4 5 5
4 16 5 10 40 150 2 4 4 2 5 3
32 64 5 120 40 100 4 8 5 7 6 1
16 128 5 10 40 60 4 20 7 5 1 3
4 128 5 120 40 150 10 12 3 3 2 5
4 128 5 120 100 150 4 8 4 5 3 9
8 128 50 120 40 60 6 12 4 3 4 5
64 128 5 20 40 100 2 20 5 5 5 1
8 32 5 120 40 60 6 8 3 3 4 3
4 64 20 60 40 60 6 8 8 3 5 3
32 128 5 120 40 100 15 20 8 6 2 5
16 64 80 120 20 40 15 20 4 3 5 5
64 128 50 120 20 150 4 6 8 5 5 1
32 64 5 10 60 100 2 8 4 5 2 5
32 128 80 120 40 60 6 20 5 5 6 9
8 32 5 60 20 100 4 12 7 5 3 5
16 128 5 120 20 150 2 4 4 7 3 7
8 128 50 120 60 100 4 12 7 2 2 5
4 64 5 60 40 100 4 8 8 4 2 7
8 32 5 120 60 100 6 8 6 4 5 1
8 64 80 120 20 60 2 20 3 3 3 9
4 128 50 120 20 150 6 20 6 3 4 9
8 32 5 120 60 100 15 20 8 6 3 5
8 64 5 60 40 100 4 12 3 6 3 7
64 128 5 60 60 100 2 4 8 6 2 9
8 32 5 20 100 150 4 8 4 2 3 9
32 64 5 20 40 150 4 20 8 4 6 9
4 128 50 60 40 60 10 20 8 7 6 1
16 64 20 60 20 150 4 6 3 2 4 7
8 64 5 20 40 60 4 8 4 5 4 9
4 128 20 120 20 150 4 12 3 5 5 9
32 128 80 120 40 150 6 20 3 7 5 7
64 128 50 60 60 150 6 8 3 2 2 3
32 64 50 120 40 150 6 12 7 2 6 7
4 128 5 120 20 100 4 8 8 5 6 9
16 32 5 20 100 150 6 20 4 3 4 1
32 64 50 120 40 100 4 20 6 6 1 7
4 32 20 60 20 60 4 6 6 2 4 1
8 64 20 120 40 100 2 4 8 2 1 1
32 128 5 60 20 150 2 6 6 5 5 9
8 64 80 120 20 60 6 12 5 4 1 1
4 8 50 120 60 150 6 12 3 5 2 9
4 32 5 10 40 150 10 12 3 5 5 3
4 8 50 120 20 150 2 6 3 7 5 1
32 128 80 120 20 40 10 20 8 7 4 7
8 32 5 10 40 150 4 8 7 3 5 7
8 16 80 120 100 150 6 8 3 7 2 7
8 32 5 20 40 100 2 8 8 4 6 3
32 64 20 120 20 150 10 20 6 4 4 5
8 16 80 120 40 60 15 20 4 5 2 5
8 32 5 60 60 150 2 8 8 2 1 9
8 16 5 120 20 150 6 20 3 6 6 5
64 128 50 60 20 40 4 6 3 6 2 7
8 128 50 60 100 150 10 20 7 3 4 7
4 64 5 20 100 150 4 6 3 5 5 5
64 128 50 60 60 150 6 12 7 3 1 5
16 128 20 120 60 150 2 6 4 7 2 3
4 8 50 120 100 150 10 12 4 6 6 1
32 64 5 120 20 40 6 20 6 5 2 5
16 64 50 60 20 150 4 20 4 7 5 9
4 64 5 20 60 100 4 20 7 2 3 9
32 128 50 120 100 150 2 6 4 2 2 3
8 64 5 120 40 60 2 6 7 3 5 1
8 16 20 120 40 60 4 20 3 6 6 7
4 64 50 120 60 100 4 8 8 7 4 9
4 64 5 60 40 150 4 12 8 5 4 5
32 64 20 60 20 100 6 20 6 7 5 7
16 32 20 60 20 100 2 20 8 7 5 3
16 128 20 120 40 150 10 20 4 2 4 9
32 64 50 120 40 150 2 4 8 4 4 3
4 32 50 120 20 150 10 20 5 3 3 9
4 8 5 10 40 60 4 6 3 2 6 5
8 128 50 120 40 150 4 20 7 3 4 3
32 128 50 60 60 100 6 12 4 6 6 5
8 128 80 120 20 40 10 20 6 7 4 5
4 8 5 60 60 150 15 20 4 2 1 3
32 64 20 120 40 60 2 12 3 5 5 7
4 64 80 120 40 100 2 12 4 7 4 3
8 128 5 20 40 100 2 6 5 6 4 7
4 64 20 120 20 100 10 12 4 2 3 3
16 64 20 120 60 100 2 8 6 6 6 3
16 64 5 60 60 100 2 4 4 6 2 9
4 64 5 120 60 100 4 6 8 2 6 7
4 32 5 20 100 150 4 6 7 5 5 9
4 128 20 60 100 150 2 20 3 4 2 7
8 128 5 60 20 150 2 4 8 6 6 3
8 64 20 120 60 150 2 4 4 2 4 1
8 32 5 60 20 150 2 20 4 7 5 5
4 8 5 60 20 40 2 20 7 3 6 5
4 128 5 10 20 100 4 6 3 6 5 5
32 128 80 120 40 100 6 8 3 2 1 3
32 64 5 60 20 40 2 12 4 4 2 3
8 32 20 120 60 100 2 4 3 5 2 1
8 16 50 120 20 60 6 12 4 7 4 1
16 32 5 10 40 100 2 4 5 5 5 3
16 64 5 60 60 150 10 12 6 3 2 5
4 64 20 60 40 150 4 8 3 2 2 1
16 32 80 120 100 150 4 20 4 6 2 7
8 32 5 10 40 150 4 20 8 3 1 3
32 128 50 120 20 60 4 6 4 5 2 1
8 128 5 20 60 150 4 8 5 2 1 5
16 64 20 60 20 60 2 4 5 5 6 5
64 128 50 60 100 150 2 12 4 2 5 1
8 32 20 120 60 100 10 12 3 6 5 1
8 16 5 120 40 60 2 4 4 3 6 3
4 128 20 120 20 100 10 20 4 4 4 7
8 64 50 60 40 100 6 20 6 3 5 1
8 32 20 60 60 150 4 12 8 7 5 3
4 64 50 120 40 60 2 4 3 5 4 7
8 128 5 120 20 100 2 6 4 3 1 1
4 64 5 10 20 40 4 8 6 2 6 3
32 128 20 120 60 100 2 6 3 2 5 3
32 64 50 120 20 100 4 20 4 5 6 9
4 64 20 60 60 100 10 20 4 6 3 5
8 128 50 120 20 40 15 20 5 5 3 3
8 32 20 60 60 150 2 12 3 2 6 1
4 128 50 120 20 150 4 12 3 4 5 5
64 128 5 60 20 150 2 4 3 3 5 5
8 64 5 120 40 100 15 20 6 6 3 3
8 64 20 120 40 60 4 20 5 7 2 9
4 128 5 20 40 150 2 8 5 7 4 7
8 64 5 10 20 40 2 20 6 4 3 3
32 128 5 10 20 40 4 8 7 2 4 7
4 128 50 120 100 150 6 12 4 4 6 5
4 64 50 120 60 100 10 20 8 6 4 3
4 128 5 120 20 150 4 8 6 2 5 1
16 64 20 60 40 100 10 12 4 2 1 7
4 8 5 60 20 100 4 12 8 3 1 9
8 32 5 120 60 100 4 6 3 7 1 9
4 128 5 60 20 100 2 6 3 4 6 3
32 128 20 120 20 60 6 20 8 7 5 5
8 128 5 120 20 60 2 12 6 4 1 3
4 128 80 120 60 100 2 12 8 2 4 5
16 128 50 60 100 150 4 20 7 2 6 9
4 16 20 60 20 150 2 12 7 6 6 9
8 64 20 60 100 150 15 20 8 4 6 5
16 32 50 120 40 100 2 4 6 2 6 5
16 32 50 120 20 100 4 12 3 2 2 3
16 32 50 60 20 60 4 20 6 2 6 7
8 128 50 120 20 150 10 20 5 2 5 3
4 64 5 120 60 150 4 20 8 3 4 5
8 16 5 60 20 60 4 8 8 6 3 5
32 128 5 10 40 60 4 6 3 3 1 7
8 128 5 20 60 150 4 6 3 5 1 5
32 64 5 120 20 60 4 12 4 5 4 9
64 128 80 120 100 150 4 12 7 2 1 3
8 128 50 60 20 100 4 8 6 3 1 9
16 128 20 120 20 150 2 4 4 2 3 5
64 128 80 120 20 40 10 12 6 3 3 3
8 128 80 120 40 100 6 20 7 3 3 3
32 64 5 10 20 150 10 12 7 2 2 3
4 16 20 120 40 60 2 8 5 3 5 7
8 32 50 120 40 100 6 8 3 4 6 3
4 32 20 120 60 150 2 6 8 3 6 9
8 64 80 120 20 40 2 20 3 6 1 3
4 64 80 120 40 100 10 20 8 7 5 3
4 128 20 120 60 100 4 8 6 6 1 7
8 64 5 120 60 150 2 6 5 3 6 5
16 128 80 120 100 150 2 6 6 2 6 1
16 32 5 60 20 60 10 12 4 4 2 5
16 64 80 120 40 60 2 12 7 2 4 7
8 32 20 60 60 100 6 12 7 6 1 7
4 32 20 60 20 150 2 8 8 3 5 5
8 64 20 60 20 40 4 12 4 2 5 5
8 32 5 20 40 100 10 12 6 3 6 9
64 128 20 60 20 150 4 6 7 5 1 9
32 64 80 120 40 60 4 12 6 2 6 7
32 64 80 120 40 150 2 12 7 5 5 7
64 128 20 60 20 60 6 20 7 3 3 3
32 128 20 120 40 60 6 8 4 4 6 5
4 32 5 10 40 150 2 12 3 6 6 9
16 64 5 120 20 40 15 20 6 3 1 5
4 8 5 20 40 100 6 20 4 6 3 5
4 16 5 10 20 60 4 12 3 4 2 5
8 64 5 20 20 60 2 4 4 3 5 3
32 128 20 60 20 100 6 20 6 7 3 7
32 64 20 60 40 100 10 20 8 3 1 3
16 64 20 120 20 150 2 12 8 7 1 3
8 32 80 120 60 150 2 12 5 5 3 1
16 64 5 10 20 150 6 12 5 7 2 7
32 128 5 60 40 100 4 8 8 4 3 3
8 64 5 120 40 60 2 20 5 6 6 1
32 128 20 60 40 150 6 8 7 5 2 3
32 64 50 120 100 150 2 4 6 4 3 9
32 128 20 60 100 150 4 6 7 7 4 1
4 16 50 60 20 40 2 20 6 2 1 5
16 32 20 60 20 40 2 20 3 7 3 5
16 32 80 120 20 40 4 20 5 3 1 9
8 64 50 120 60 150 10 20 6 7 2 1
16 32 5 120 100 150 10 12 7 6 1 9
4 128 20 60 100 150 10 20 7 4 1 1
16 32 50 60 40 150 2 4 5 7 4 9
64 128 5 20 20 40 4 12 4 7 4 9
4 128 5 10 20 100 6 8 4 7 6 5
64 128 5 10 60 100 15 20 7 7 3 3
8 128 20 60 20 60 10 12 8 4 1 5
16 32 5 120 40 60 4 8 7 2 1 3
4 16 80 120 60 100 2 6 3 3 6 5
4 8 5 60 40 60 4 12 6 7 4 9
8 16 5 60 20 40 10 20 4 2 3 9
32 64 50 120 60 100 10 20 8 5 1 1
4 128 50 60 20 60 2 6 7 6 5 9
4 128 5 60 20 150 4 20 7 3 4 7
4 128 80 120 20 100 4 12 5 3 4 5
4 8 5 10 20 100 2 6 7 6 2 3
4 32 5 20 60 150 4 20 4 4 3 5
4 64 5 60 60 100 2 8 7 6 3 5
8 64 5 120 40 100 2 4 8 7 6 3
8 16 20 60 20 150 2 8 4 3 2 9
16 32 5 120 20 150 4 20 7 6 2 5
4 64 20 60 20 150 10 20 7 5 3 7
16 32 20 120 100 150 4 8 8 4 5 7
16 64 5 60 60 150 2 20 4 6 5 9
8 64 20 60 20 100 15 20 4 4 3 9
32 128 5 10 100 150 2 20 6 2 3 9
64 128 50 60 100 150 6 12 8 5 3 7
16 32 20 120 40 150 2 20 8 3 4 1
4 8 20 120 40 150 4 20 5 2 5 5
4 32 20 120 20 100 2 20 5 2 5 3
64 128 5 60 60 100 10 12 3 4 1 9
4 16 5 10 100 150 10 12 7 4 2 9
4 64 50 120 60 100 2 12 7 2 3 1
4 128 5 60 20 100 6 12 8 3 3 1
32 64 5 10 20 100 6 12 7 2 2 5
16 128 20 120 100 150 4 12 8 5 4 9
4 8 20 60 20 60 4 8 3 7 1 9
16 128 5 120 60 150 15 20 6 7 4 1
4 32 5 120 40 100 6 20 7 5 1 5
16 64 5 10 40 150 15 20 5 4 6 1
4 128 5 120 100 150 2 6 5 2 5 7
4 128 5 60 60 100 15 20 6 4 5 1
8 128 50 120 40 60 4 8 6 4 6 1
8 64 80 120 20 60 4 8 8 6 5 1
4 64 5 20 20 150 2 12 7 7 1 9
8 16 5 60 20 40 4 8 3 2 3 7
4 32 50 60 60 100 4 6 5 3 4 1
4 16 5 20 40 60 6 20 4 2 5 9
4 32 20 60 40 60 4 6 3 6 5 5
4 128 20 120 100 150 6 12 4 4 2 3
16 32 50 60 40 150 10 12 8 7 4 5
4 128 80 120 60 150 2 4 5 7 2 7
4 128 20 60 40 150 4 12 4 2 5 1
4 64 5 10 40 60 6 12 5 5 5 5
4 128 20 120 20 150 2 6 4 6 1 3
16 128 20 120 20 100 10 12 8 6 6 7
8 64 5 10 20 40 2 4 3 3 3 3
16 32 5 60 60 100 6 8 4 7 1 1
8 64 50 120 40 150 6 20 4 7 4 3
64 128 80 120 60 150 4 12 8 5 4 9
4 128 80 120 20 60 2 20 6 7 1 1
16 64 50 120 20 150 4 6 6 5 1 7
8 32 20 120 40 100 2 8 5 5 4 3
32 128 80 120 20 100 15 20 8 4 2 1
16 32 20 120 100 150 2 8 7 6 2 5
4 8 5 120 60 100 4 12 5 4 3 5
16 128 50 60 100 150 2 8 4 3 2 3
4 8 20 120 20 40 2 12 8 7 6 3
16 64 20 120 60 150 2 6 7 4 2 3
16 128 5 10 40 60 2 12 4 4 3 1
4 8 50 120 20 60 2 8 8 4 1 1
16 64 20 60 60 100 4 20 7 6 4 3
64 128 50 120 40 150 2 8 3 2 5 1
8 32 20 60 20 150 6 20 7 7 2 5
32 64 50 60 20 60 4 6 3 4 2 7
16 128 5 120 20 100 4 20 3 2 2 7
64 128 20 60 20 40 2 20 7 6 3 5
8 32 5 60 20 150 4 12 8 4 6 5
32 64 50 120 20 60 4 20 5 5 4 9
32 128 20 120 20 40 4 6 5 2 5 5
16 128 20 60 20 100 4 8 6 4 4 3
8 16 50 60 60 150 10 12 3 4 5 7
4 64 5 60 40 60 4 20 6 5 2 7
4 8 5 120 100 150 2 6 6 6 1 5
32 64 50 120 40 100 2 20 4 2 1 5
4 8 80 120 40 60 10 12 7 5 1 7
32 64 80 120 40 100 2 4 8 3 6 9
8 64 20 60 100 150 6 20 4 6 3 1
64 128 5 60 60 150 2 20 6 3 2 9
32 64 5 20 100 150 6 12 8 5 6 3
16 128 20 60 40 150 2 12 4 7 4 9
4 64 20 60 100 150 2 8 8 5 3 7
4 128 5 120 40 100 10 20 3 5 3 3
64 128 20 120 20 150 4 6 5 5 3 9
16 64 50 60 100 150 15 20 5 2 2 1
16 64 80 120 60 100 4 6 8 4 3 5
32 128 5 60 40 150 6 12 6 7 2 7
8 128 5 20 40 150 2 20 3 7 2 3
8 16 20 120 40 60 4 20 8 2 1 9
8 128 5 120 60 100 4 20 4 5 4 1
8 32 5 120 20 100 6 20 3 2 5 1
16 64 50 60 20 150 4 12 6 3 5 1
8 64 20 60 40 150 2 12 4 2 4 7
8 128 5 10 40 150 6 20 8 3 1 1
16 32 50 120 100 150 4 8 8 5 1 1
8 64 50 120 20 100 4 20 3 5 3 9
16 128 20 120 60 150 4 6 3 4 3 7
8 64 50 60 20 60 2 8 4 2 1 1
4 64 20 60 40 100 6 12 7 7 3 7
16 128 80 120 100 150 6 8 8 6 3 9
4 32 80 120 100 150 4 20 3 4 6 3
4 128 5 20 40 150 2 20 5 5 6 3
4 128 5 20 20 60 4 12 7 6 4 3
64 128 5 20 20 40 4 12 4 6 6 7
4 8 5 10 60 150 10 20 3 2 2 7
8 32 80 120 40 150 2 4 5 5 4 5
8 32 5 20 40 60 6 20 8 5 5 5
4 64 50 120 60 100 2 8 7 6 1 5
4 64 5 10 20 40 4 12 4 5 3 9
16 128 80 120 100 150 2 8 3 7 3 5
4 64 5 20 60 150 4 12 4 6 1 9
4 128 50 60 20 40 10 12 3 5 3 7
16 64 5 60 20 40 10 12 3 7 3 3
64 128 5 20 20 150 2 20 6 4 4 7
16 64 5 120 20 40 2 4 7 2 1 7
4 32 50 120 60 150 6 8 3 4 6 1
64 128 20 60 100 150 2 20 7 6 5 5
16 128 80 120 60 150 2 6 8 5 5 7
4 16 50 120 100 150 10 12 7 6 2 1
16 32 20 120 20 100 2 4 8 4 4 1
32 128 5 60 20 150 10 20 7 5 4 5
32 64 50 120 100 150 2 20 5 2 6 3
8 128 20 60 20 60 2 6 8 3 1 1
8 64 20 60 60 150 2 4 3 7 2 5
4 16 50 120 60 100 2 20 6 2 6 3
4 8 5 60 60 150 2 12 3 3 4 9
4 64 50 60 60 100 2 20 3 3 3 7
8 128 20 60 20 60 15 20 3 3 1 7
4 8 20 120 20 100 2 12 5 4 6 7
32 64 20 60 20 40 2 4 6 7 5 7
4 128 50 60 60 150 2 20 8 7 3 9
64 128 20 120 20 40 6 20 5 7 1 1
8 64 5 10 60 150 4 12 5 7 3 1
8 128 20 120 20 100 2 8 5 3 3 1
4 8 80 120 40 100 10 12 5 2 2 5
8 128 50 120 100 150 10 12 3 5 3 1
8 32 5 120 40 150 10 12 6 6 3 7
4 16 50 60 40 60 4 20 4 6 5 5
16 128 50 60 20 60 4 8 3 5 1 7
16 64 20 60 40 150 15 20 3 7 4 9
4 32 20 120 60 150 6 12 3 2 3 7
8 16 80 120 100 150 2 4 4 2 3 1
32 128 5 60 20 100 6 8 8 7 1 7
8 128 50 120 60 100 10 12 3 3 4 7
8 16 20 120 20 100 10 20 7 3 2 3
32 64 80 120 20 150 4 8 8 3 3 1
4 32 50 60 40 60 2 12 8 6 6 1
8 64 5 10 60 150 10 12 8 2 1 7
32 128 5 120 60 150 4 8 7 7 3 7
4 128 5 60 60 150 4 6 8 4 4 3
16 64 5 10 60 100 6 8 4 7 3 9
16 32 5 10 20 60 6 8 4 7 2 9
4 64 20 60 100 150 2 12 8 6 1 7
16 128 80 120 100 150 10 12 7 2 4 7
8 64 5 20 20 40 2 4 4 3 1 7
16 32 50 120 20 150 10 12 4 3 4 9
32 64 20 60 60 150 4 12 5 4 5 7
4 64 20 60 20 60 2 12 8 5 1 7
4 16 50 60 20 40 2 12 6 7 5 5
4 64 5 60 20 60 2 4 4 2 3 9
4 32 20 60 20 150 2 6 6 2 6 3
4 64 50 120 20 150 10 20 5 6 6 3
16 64 5 120 20 100 2 6 5 6 3 9
8 64 5 10 20 40 4 6 8 3 4 1
8 64 5 60 20 100 2 8 7 5 1 1
8 32 50 60 100 150 2 20 6 5 3 7
32 64 80 120 60 150 15 20 5 6 3 7
32 64 5 60 100 150 4 12 6 7 1 5
4 16 80 120 60 100 15 20 5 7 1 3
64 128 5 10 60 100 2 20 3 7 5 5
4 64 5 10 40 60 4 20 6 3 2 9
16 32 5 10 20 60 6 8 3 6 5 9
16 64 50 60 40 60 4 20 7 2 5 5
32 128 20 120 60 150 15 20 3 7 4 3
8 32 20 60 60 100 2 4 5 6 5 3
4 16 5 20 100 150 6 12 3 3 2 3
8 128 20 60 100 150 4 6 7 7 3 9
8 64 5 20 40 60 4 8 7 7 4 1
8 16 50 60 40 150 6 12 3 7 6 1
4 64 5 60 20 100 2 4 6 5 2 3
8 64 5 120 60 150 4 8 8 3 6 7
4 32 5 60 20 60 2 8 3 4 6 7
8 16 5 20 20 60 6 12 6 4 2 5
8 32 5 10 20 60 2 4 8 4 2 5
16 128 5 60 20 100 2 6 3 2 6 7
32 64 80 120 40 100 2 4 6 6 3 9
8 128 50 60 60 100 6 8 6 7 4 5
16 64 5 20 40 60 2 8 3 4 3 1
4 64 5 10 40 100 2 6 3 3 3 3
8 64 50 60 60 100 4 8 8 6 2 5
16 64 80 120 20 100 2 20 4 5 6 9
4 64 50 60 20 150 2 8 3 2 5 9
8 64 5 10 40 60 6 12 6 4 3 3
8 32 5 120 40 60 2 12 4 6 3 1
64 128 5 10 20 100 4 6 7 4 3 7
4 64 20 120 40 100 4 6 8 3 1 5
4 128 5 60 60 100 10 12 3 4 1 5
32 64 20 60 40 60 10 20 7 7 1 9
8 16 80 120 40 60 6 20 4 7 3 5
8 16 50 60 100 150 10 20 5 7 4 3
8 32 50 60 60 100 6 8 8 3 1 3
16 128 20 120 100 150 2 12 5 3 1 1
4 16 5 120 60 100 6 12 4 3 1 3
4 8 20 60 40 60 4 20 3 2 6 3
4 8 20 60 40 60 4 8 3 7 2 9
16 32 80 120 60 100 2 20 7 7 1 1
16 128 5 20 20 60 2 8 4 6 2 9
4 32 80 120 20 100 4 8 7 3 1 1
8 16 50 60 40 150 6 12 8 2 1 9
8 128 5 120 100 150 4 6 7 7 5 3
16 64 5 120 60 100 4 20 8 3 1 3
32 128 20 120 40 100 10 20 4 3 5 3
8 64 5 20 100 150 10 20 8 3 6 3
8 16 20 60 40 60 10 12 7 5 2 7
4 8 5 120 40 150 2 6 3 2 6 1
16 64 20 120 20 60 6 8 3 6 4 5
8 16 5 10 20 60 15 20 3 3 6 9
4 64 20 120 40 100 10 20 8 7 2 5
8 128 80 120 20 40 4 8 5 5 6 5
4 8 20 120 40 100 4 12 3 2 4 9
16 32 20 60 40 60 2 12 7 2 4 7
8 128 20 120 20 60 2 12 7 2 3 9
32 128 50 120 20 60 4 20 4 4 5 1
16 64 50 120 60 150 4 12 8 7 4 7
64 128 50 60 60 150 10 20 7 4 6 3
64 128 50 120 20 40 2 4 7 2 6 5
16 32 5 120 100 150 15 20 8 4 6 9
32 128 20 120 20 150 6 12 5 5 1 7
64 128 50 120 60 100 10 12 4 4 5 3
8 16 50 60 60 100 4 6 6 7 2 3
4 16 5 120 20 150 2 12 3 6 5 5
8 16 5 10 60 100 2 8 4 4 1 3
4 8 50 120 60 100 2 20 8 7 3 1
16 128 5 20 40 100 4 12 6 6 6 1
16 32 80 120 20 150 2 12 3 2 1 5
8 16 50 60 20 60 6 12 7 6 6 5
4 128 80 120 40 150 10 20 3 2 6 3
16 128 50 60 100 150 2 4 3 3 5 7
16 64 5 60 20 100 6 12 7 6 3 1
16 64 80 120 100 150 10 12 5 5 1 7
64 128 5 60 60 150 15 20 5 7 4 9
4 64 5 60 20 60 6 12 7 5 1 1
8 128 20 120 20 60 4 8 6 4 3 9
4 128 50 60 100 150 6 20 3 2 3 1
4 16 50 120 20 100 2 8 4 5 2 3
16 32 5 60 40 150 2 8 4 5 1 3
4 32 5 20 40 60 15 20 8 3 6 9
16 32 20 60 20 40 6 20 7 4 4 7
32 64 5 60 60 150 2 20 6 5 6 5
8 16 5 120 20 40 4 20 8 3 4 7
64 128 5 60 100 150 2 8 3 4 3 3
8 64 5 20 100 150 6 12 4 5 2 1
4 128 50 120 20 100 6 8 7 2 6 7
4 32 50 120 40 150 2 12 4 2 4 9
4 64 5 20 40 100 4 20 7 6 5 7
4 8 50 120 20 100 4 20 6 3 3 1
16 64 50 120 20 150 2 20 4 6 2 3
16 64 20 60 20 60 4 8 4 3 1 7
32 64 5 120 60 150 6 8 8 3 6 3
4 16 20 120 60 100 4 8 5 6 4 1
4 16 5 20 20 60 4 20 4 4 4 1
32 128 5 60 20 100 2 8 3 5 1 9
8 32 5 120 60 150 4 20 8 2 2 7
32 64 5 20 20 100 2 20 4 5 6 5
8 128 5 20 40 150 10 12 5 5 2 7
4 8 5 20 40 100 15 20 6 6 5 1
4 64 80 120 20 150 4 20 7 6 5 5
4 8 50 120 20 100 10 12 3 2 1 3
4 32 50 120 40 60 4 8 4 3 5 7
16 32 20 120 60 150 4 8 3 6 6 3
32 64 50 120 40 100 4 8 8 7 2 1
4 128 20 60 40 60 2 4 8 5 3 9
32 128 50 120 40 150 4 20 7 7 4 7
8 128 5 120 60 150 2 12 5 3 5 3
4 8 5 20 100 150 15 20 5 7 1 1
16 64 50 120 20 100 6 12 5 5 1 5
16 32 80 120 20 40 2 4 7 5 6 7
8 16 20 120 40 60 10 12 4 4 6 7
4 64 80 120 40 150 10 12 3 5 2 9
8 16 80 120 60 100 4 20 7 3 6 5
4 32 50 120 40 150 4 8 3 7 1 9
8 128 50 60 20 150 6 20 3 7 6 5
16 32 50 60 100 150 2 4 8 3 5 9
8 64 5 120 40 100 4 6 4 3 6 3
8 16 5 60 40 150 6 8 8 5 5 3
16 32 5 60 20 100 4 12 7 3 1 1
8 16 50 60 20 60 6 12 7 4 5 7
16 32 80 120 20 150 6 20 8 6 4 7
4 64 5 120 20 100 4 6 8 7 5 7
16 32 5 20 20 100 2 20 5 2 4 9
32 128 50 60 20 60 2 8 5 5 4 7
8 32 80 120 20 40 6 8 7 3 2 3
64 128 5 120 20 40 4 20 6 7 1 3
4 8 5 120 60 150 2 8 6 2 4 7
8 128 50 120 100 150 6 20 3 4 2 5
8 32 5 120 60 150 2 6 5 3 6 1
4 128 50 60 100 150 2 20 4 2 4 1
4 16 5 10 100 150 6 12 6 6 4 3
4 64 50 60 60 150 4 12 4 5 3 1
16 64 5 10 20 40 6 20 8 3 1 7
4 128 50 120 20 150 4 8 7 4 1 5
8 128 5 20 20 150 4 20 3 7 1 5
8 128 80 120 40 60 10 20 3 7 4 7
8 16 20 60 60 150 4 6 8 6 1 7
4 32 5 20 40 60 6 20 6 4 1 9
4 32 5 10 20 150 4 20 3 3 1 7
16 64 20 60 20 100 2 6 4 6 5 9
4 8 5 10 60 150 4 6 3 3 6 1
4 32 50 120 20 60 6 8 3 4 6 7
16 128 20 120 20 60 15 20 6 2 3 1
4 16 50 60 40 150 2 4 3 3 5 7
4 8 5 20 60 150 4 6 3 3 3 3
4 8 20 120 40 60 2 8 5 5 3 7
16 32 80 120 20 150 2 12 6 4 4 1
16 128 20 120 20 40 4 6 3 6 3 3
32 128 20 60 20 150 10 20 5 4 3 9
16 32 20 60 20 150 4 6 8 2 2 1
8 32 50 60 40 150 4 20 4 2 1 1
64 128 5 120 40 60 4 20 4 5 1 5
32 64 5 60 60 150 2 6 8 6 1 9
64 128 20 120 40 150 2 4 4 7 2 7
16 128 5 60 20 100 2 6 3 5 2 3
8 16 50 60 100 150 2 6 7 6 4 3
32 64 80 120 20 100 2 12 6 7 6 9
8 32 50 60 40 150 2 20 8 6 4 1
16 64 50 120 60 100 2 20 6 6 6 9
8 16 5 20 20 60 2 12 7 7 4 5
4 32 20 60 100 150 4 20 6 3 1 3
8 16 80 120 20 40 10 12 6 5 3 5
4 8 5 10 60 150 6 20 4 5 5 3
16 64 5 120 60 150 2 4 7 3 3 1
16 64 50 120 40 100 2 12 8 5 3 7
4 64 5 120 40 100 2 4 7 7 4 7
16 128 80 120 60 100 6 8 5 6 2 5
32 64 80 120 60 150 4 12 4 6 3 3
64 128 80 120 20 150 4 12 7 7 5 3
8 32 5 120 20 150 4 8 3 4 4 1
4 128 20 120 40 150 2 4 5 4 2 3
4 8 50 60 20 150 15 20 6 7 1 3
8 32 5 60 60 150 4 12 4 3 6 1
64 128 5 20 20 40 4 6 7 4 4 3
8 32 5 60 20 150 2 6 7 2 6 9
8 32 50 120 40 150 2 20 3 4 3 5
4 128 5 60 100 150 6 12 6 4 2 7
16 128 5 60 60 100 4 8 7 2 2 1
4 64 5 120 40 100 4 20 3 6 4 5
8 64 20 60 20 40 15 20 3 2 5 7
8 64 20 120 60 150 6 8 6 2 2 3
32 64 50 60 20 40 4 20 3 4 1 9
8 64 5 10 100 150 2 20 8 4 2 7
4 8 80 120 20 60 6 20 5 4 4 7
8 64 5 60 20 100 2 4 5 4 2 3
16 64 5 10 60 100 2 12 4 6 2 9
32 128 80 120 20 150 2 20 4 4 3 9
8 16 5 120 40 150 2 12 4 4 3 1
4 128 50 120 20 40 15 20 5 2 3 7
16 64 50 120 60 150 2 12 3 6 1 9
32 64 5 10 40 150 10 20 6 4 1 9
16 32 5 10 100 150 4 20 7 3 4 9
16 128 50 120 20 150 2 6 7 7 3 3
4 16 20 120 60 150 6 8 6 3 6 9
16 32 20 60 40 100 4 6 3 5 3 7
4 16 5 120 20 40 10 20 4 6 6 7
16 128 50 60 60 100 6 8 6 3 4 1
4 32 20 120 60 150 4 12 4 6 2 3
16 32 20 60 40 60 4 6 7 6 5 7
16 64 5 120 60 150 4 6 7 2 1 1
8 16 20 120 20 100 2 20 6 5 1 7
8 128 5 120 20 40 2 8 5 7 6 9
4 64 5 60 40 60 2 8 4 6 4 3
32 128 5 60 20 150 2 6 3 4 1 1
4 128 80 120 20 60 2 20 5 7 1 1
8 64 20 120 20 60 6 20 7 4 2 5
16 64 80 120 60 150 10 12 3 6 6 3
16 64 50 60 20 40 4 20 4 3 3 7
8 16 50 120 40 60 6 12 6 4 2 1
4 8 20 120 20 60 4 8 3 5 6 7
4 16 20 120 60 150 4 20 5 6 5 7
8 16 5 120 40 100 10 20 4 2 5 9
16 128 80 120 40 60 10 12 3 5 4 9
4 8 5 120 60 100 2 12 4 5 2 1
8 64 5 20 100 150 10 20 6 4 5 3
16 64 5 10 40 60 2 6 7 6 1 9
4 64 20 120 20 150 6 12 4 7 6 7
8 16 5 120 20 150 2 20 7 6 4 1
32 64 50 60 60 100 4 8 7 6 5 7
16 32 20 120 40 100 4 6 5 2 5 7
32 64 80 120 40 150 2 6 6 4 4 7
4 16 50 120 40 100 2 12 6 5 1 9
4 128 20 60 40 60 2 12 3 2 1 9
4 16 5 120 20 100 4 12 8 7 2 3
64 128 5 20 40 60 10 12 4 7 1 1
16 64 80 120 60 100 2 8 8 4 3 5
16 128 20 60 60 100 2 8 6 6 1 3
8 128 50 60 20 100 2 20 4 3 5 3
32 64 20 120 20 60 2 12 8 6 1 3
8 16 80 120 100 150 4 12 7 4 2 7
4 64 5 20 20 100 2 4 8 5 4 3
32 128 5 120 20 100 2 20 8 4 4 9
16 64 20 120 60 150 4 20 6 6 1 3
4 16 5 20 20 150 2 20 4 5 5 7
8 128 20 60 20 40 10 12 3 2 5 1
32 128 20 120 20 60 6 12 5 6 1 5
16 64 5 60 100 150 2 8 5 5 6 9
8 16 80 120 20 100 10 20 6 7 3 3
32 64 5 120 40 60 2 6 4 6 1 7
16 64 5 60 20 60 4 20 8 3 1 5
8 64 5 60 20 60 2 12 6 4 2 7
16 64 5 10 20 40 10 20 5 6 1 5
4 64 50 120 20 60 6 8 4 6 1 7
32 128 20 60 20 40 4 6 8 4 6 9
4 32 5 60 20 100 2 20 6 2 3 1
8 32 5 20 60 100 15 20 4 4 6 1
16 128 50 60 100 150 2 20 7 5 4 1
4 32 5 60 20 60 2 6 7 6 3 7
8 16 50 120 40 60 15 20 4 5 3 1
8 128 50 60 20 60 6 20 5 7 6 3
8 128 50 60 20 40 2 20 4 2 3 5
4 32 20 60 40 150 2 6 8 7 4 7
4 16 20 120 100 150 2 20 5 4 2 3
16 128 50 60 20 150 4 20 5 2 5 3
8 128 50 120 40 100 2 20 7 3 3 3
4 64 20 60 40 100 4 8 8 4 1 7
4 128 50 120 60 100 10 20 6 2 5 7
4 16 20 60 20 100 4 6 3 6 5 7
32 64 20 60 100 150 10 12 3 3 5 9
8 32 20 120 40 100 4 20 6 3 5 1
16 32 20 60 40 100 10 12 5 3 2 3
8 16 20 60 20 40 4 20 5 5 6 7
16 32 20 60 40 60 10 12 5 3 5 7
8 32 5 120 60 150 15 20 3 4 4 5
16 32 20 60 60 150 6 8 3 5 3 1
16 128 80 120 20 40 4 8 8 6 5 3
4 64 20 60 20 100 6 12 8 7 1 9
4 64 20 60 20 100 2 6 4 5 3 7
64 128 5 10 20 150 10 12 6 2 4 7
8 128 50 120 20 100 2 8 7 2 1 7
8 16 5 20 40 100 15 20 7 4 6 5
8 128 5 60 20 150 10 12 4 4 4 5
8 128 80 120 20 60 4 6 5 6 4 7
16 32 50 60 60 150 4 6 8 7 1 5
4 32 5 60 20 60 2 6 4 7 2 5
8 16 5 20 40 100 6 8 4 6 5 9
8 16 5 120 20 150 6 20 8 2 6 1
4 16 50 60 20 100 10 12 8 6 2 5
4 8 50 120 100 150 6 12 4 7 2 5
4 32 20 60 40 100 4 20 6 2 2 7
8 32 50 60 20 60 4 6 4 6 3 3
32 128 80 120 40 150 4 20 5 5 1 1
8 128 5 20 20 40 2 12 5 4 4 5
8 64 80 120 60 150 6 20 7 5 6 7
16 32 50 120 40 100 4 20 6 6 1 5
4 128 50 120 100 150 2 12 7 4 1 3
32 64 5 20 20 60 2 4 8 6 3 5
4 16 80 120 60 150 6 20 7 6 4 3
4 8 5 120 40 100 6 20 8 2 5 7
4 64 50 120 40 60 2 8 5 7 2 1
4 8 50 120 100 150 10 12 3 2 6 9
4 8 80 120 20 100 4 8 4 5 3 7
16 64 50 120 100 150 2 6 5 7 4 3
4 16 20 60 20 100 10 12 5 3 3 7
4 128 5 20 60 100 10 20 7 5 4 1
4 8 50 120 20 150 2 20 3 4 6 1
4 128 80 120 60 100 15 20 4 5 4 1
4 16 50 60 20 60 2 12 7 5 5 3
4 128 5 60 60 100 10 12 8 7 6 5
8 64 50 120 40 60 6 8 5 2 5 7
32 64 5 20 20 40 6 12 6 7 2 5
16 64 5 10 40 100 4 12 5 2 2 9
16 64 5 10 20 60 6 8 5 2 1 1
64 128 20 120 20 40 4 6 6 2 1 1
8 32 5 60 20 100 2 12 6 4 6 9
8 16 20 60 100 150 6 8 6 7 5 1
16 128 50 120 20 40 4 20 5 2 4 3
4 32 20 120 20 40 10 12 3 6 1 9
8 64 5 60 60 100 6 12 8 4 4 3
4 128 50 60 40 150 10 12 6 7 3 1
4 128 5 60 40 150 2 8 3 2 5 1
8 16 5 60 60 100 15 20 8 3 5 7
4 32 50 60 20 100 6 8 3 3 6 5
32 64 50 60 60 150 15 20 5 2 5 3
8 32 80 120 20 40 4 8 3 7 5 7
16 128 50 60 60 150 4 12 8 7 4 3
8 32 80 120 40 60 2 6 7 3 3 3
32 64 50 60 20 60 2 8 6 7 5 1
8 128 80 120 60 100 10 12 6 5 1 3
4 32 5 60 20 60 2 6 4 5 2 7
32 128 5 20 20 40 6 8 6 3 5 5
32 64 5 120 20 100 6 8 4 7 1 5
32 128 80 120 60 150 2 20 8 2 3 7
32 64 5 20 40 150 15 20 4 7 2 9
8 64 50 60 40 150 2 8 3 6 2 5
16 64 5 10 40 100 10 12 6 7 6 3
8 16 80 120 100 150 10 12 6 3 1 1
16 128 5 60 40 100 2 6 8 4 4 9
4 8 50 120 60 100 2 20 5 4 4 9
4 32 20 120 20 150 2 6 6 3 4 3
16 64 5 60 20 150 2 4 6 3 1 5
4 64 50 60 40 100 10 12 7 5 1 7
4 16 50 120 20 60 2 6 5 7 6 5
8 128 5 60 20 60 10 12 4 4 4 1
4 32 5 60 40 60 2 20 3 3 5 3
32 64 5 120 20 100 2 8 4 4 5 9
8 128 5 60 20 60 6 12 5 3 2 7
4 16 80 120 20 60 2 6 5 5 1 5
16 128 5 120 60 150 6 8 8 2 3 9
16 32 5 60 100 150 2 8 6 3 6 9
4 64 80 120 60 100 4 12 6 6 4 7
16 128 50 60 60 100 4 8 7 7 3 7
32 128 80 120 40 150 2 4 5 5 3 5
64 128 80 120 60 150 10 12 6 2 3 7
32 128 5 20 20 100 6 12 8 3 6 9
8 64 20 120 20 150 10 20 6 4 2 5
64 128 20 60 40 60 4 6 5 6 2 9
16 32 5 10 60 150 4 8 5 4 5 5
16 128 5 120 20 150 15 20 4 4 4 7
8 64 50 60 60 100 4 12 7 6 6 5
4 64 5 10 60 100 2 12 7 5 6 3
8 16 5 20 40 150 4 6 7 7 3 1
16 32 50 120 40 150 6 8 8 7 2 3
32 128 5 20 40 100 4 6 5 4 5 7
16 32 5 120 60 150 2 4 4 6 3 7
4 128 5 120 20 60 4 12 3 6 2 9
4 32 5 60 60 100 4 20 6 2 6 1
64 128 5 10 20 40 2 8 8 5 6 9
8 64 5 120 40 150 2 20 6 5 3 1
4 128 5 20 60 150 6 8 4 5 4 1
32 64 20 60 40 60 4 8 7 5 3 5
8 64 50 120 40 150 6 20 5 2 4 5
8 32 5 20 40 100 4 20 6 4 3 5
16 128 5 60 100 150 6 20 4 5 4 9
32 64 80 120 20 100 4 20 8 2 3 3
8 128 5 120 40 100 6 12 6 6 2 7
64 128 20 60 60 150 10 20 6 2 1 3
16 32 20 60 100 150 2 8 4 4 3 9
8 32 50 60 20 40 4 6 8 2 6 7
4 64 5 10 20 100 2 20 8 3 1 5
8 16 50 60 40 100 2 8 8 7 5 9
4 8 5 20 20 100 2 20 6 2 2 9
8 32 20 60 60 150 4 12 7 3 1 3
4 8 50 60 40 60 6 8 5 3 5 1
16 32 5 10 40 100 10 12 8 5 2 9
8 16 5 120 40 60 4 20 4 4 6 1
32 64 50 60 40 100 6 20 5 6 3 5
32 64 20 60 20 150 2 6 5 5 2 5
16 32 50 60 40 100 4 12 6 2 3 3
16 64 5 60 60 150 4 12 8 4 2 3
8 128 5 10 20 40 4 6 7 2 5 9
4 8 5 10 20 100 2 8 8 6 6 1
8 16 5 60 100 150 6 8 3 2 3 1
4 8 5 120 20 150 2 6 4 4 5 5
8 32 50 120 60 150 2 12 8 3 2 5
64 128 80 120 60 150 10 12 8 7 3 5
4 32 5 20 40 150 6 12 3 5 3 7
4 32 80 120 20 40 10 20 6 5 2 9
8 64 5 20 100 150 2 6 3 7 2 3
4 64 5 60 40 100 2 6 6 5 5 9
32 64 20 60 20 40 4 12 5 6 6 5
4 32 20 120 20 40 2 12 7 7 5 9
32 128 5 120 20 100 4 8 7 7 6 1
8 32 20 120 20 150 2 20 7 3 3 3
4 32 80 120 20 150 6 8 3 7 2 3
64 128 5 120 60 150 2 6 6 6 4 7
4 8 5 120 20 60 4 8 5 4 2 9
4 8 50 120 20 40 10 12 8 4 3 7
16 128 5 60 20 40 2 6 3 7 3 9
8 128 50 60 20 40 4 20 3 6 4 9
4 8 20 120 20 100 4 20 6 7 1 7
16 32 5 20 40 100 6 20 5 5 4 7
64 128 20 120 100 150 2 20 6 6 6 7
8 64 50 60 100 150 2 20 3 5 3 1
8 128 50 120 20 150 2 8 5 5 6 1
4 8 50 60 40 100 6 8 3 6 1 9
8 64 20 120 40 60 2 8 4 7 5 9
8 16 20 120 40 100 4 8 4 3 1 5
4 8 5 20 20 100 6 12 6 7 1 9
64 128 50 120 20 150 10 12 4 3 6 7
4 64 5 10 40 150 2 4 7 3 1 9
64 128 50 120 40 60 2 12 8 5 2 9
16 128 20 60 60 150 15 20 6 7 6 7
32 64 5 20 20 60 4 6 7 3 1 7
4 32 5 60 60 150 2 12 8 4 2 7
4 16 5 60 60 150 15 20 6 5 4 9
16 128 20 120 40 150 2 20 6 5 1 3
4 16 20 60 40 100 2 8 5 2 6 1
32 64 5 60 40 150 15 20 7 5 1 1
8 16 20 60 60 150 6 20 7 5 1 7
16 128 5 20 60 100 4 20 3 3 4 1
8 128 20 60 40 60 2 4 7 4 1 3
4 32 5 20 40 150 4 12 7 2 5 3
32 128 50 120 20 150 2 8 8 7 1 9
16 128 20 120 20 150 6 20 6 6 4 9
4 8 80 120 20 150 4 8 5 3 3 1
4 16 20 120 60 100 4 8 3 6 6 1
16 128 80 120 20 150 4 8 6 2 2 5
4 128 5 60 60 150 2 8 3 3 6 9
4 32 5 10 40 60 2 12 8 3 3 3
8 16 5 20 20 40 4 8 6 3 3 9
32 64 5 20 40 100 6 12 4 3 5 7
8 32 50 120 40 60 10 12 3 2 2 3
64 128 5 10 20 60 2 12 3 7 4 9
16 32 5 10 60 100 10 20 6 6 6 1
8 64 20 60 60 100 2 12 5 4 3 3
4 8 80 120 60 100 6 20 3 5 4 3
4 16 5 10 40 100 4 6 4 2 3 7
32 64 5 10 40 60 6 8 5 4 1 3
4 32 5 120 40 150 6 20 6 2 1 1
4 8 5 60 20 150 10 12 6 4 5 5
16 128 20 60 20 40 2 12 7 5 5 3
4 32 5 120 60 100 4 8 5 7 2 7
8 32 20 60 20 150 2 4 4 2 4 1
4 64 50 60 40 60 4 6 3 6 4 9
4 16 50 60 60 100 4 8 8 6 6 1
4 8 50 60 40 60 2 6 5 6 3 5
16 64 20 120 100 150 4 20 5 2 2 7
4 64 80 120 60 100 10 20 7 5 6 1
32 128 20 120 20 150 2 20 4 6 4 3
8 128 50 60 60 100 4 20 6 3 6 3
64 128 20 120 40 150 2 20 3 6 6 5
4 32 5 10 40 100 4 12 6 5 3 1
8 64 50 120 100 150 6 8 6 5 1 5
16 32 80 120 20 60 4 12 8 7 4 1
64 128 5 10 20 150 15 20 8 7 1 9
4 16 5 10 100 150 2 12 3 3 2 5
4 16 20 120 20 40 4 8 5 4 1 5
16 64 5 20 20 100 4 8 6 2 6 7
4 64 5 10 20 40 2 4 7 3 6 3
16 32 20 120 40 150 10 12 3 2 6 3
4 32 5 60 40 100 10 12 3 3 6 7
4 16 5 60 40 150 2 12 5 5 3 3
4 16 50 120 20 150 2 8 6 4 4 1
4 8 50 60 20 40 4 20 7 7 6 9
8 16 50 60 20 40 4 8 7 6 3 7
4 64 50 120 20 40 2 8 5 7 6 9
4 32 5 60 60 150 2 6 6 3 1 1
8 64 50 60 100 150 10 20 8 4 4 1
64 128 5 20 40 150 6 12 6 7 6 9
32 128 80 120 60 150 2 6 6 3 1 5
32 64 50 60 40 100 10 20 6 3 6 5
32 128 5 10 20 100 4 12 8 5 6 9
64 128 5 120 20 150 10 12 3 3 6 1
4 128 20 120 20 60 6 20 5 4 5 5
8 64 20 120 60 100 2 4 5 4 2 1
8 32 20 60 40 100 4 12 4 6 1 3
16 128 50 60 40 100 2 6 8 3 5 5
4 8 5 60 20 100 6 20 3 7 6 7
4 16 5 120 40 100 4 12 5 7 5 3
16 64 5 120 20 150 2 8 4 6 5 1
4 8 50 60 20 150 6 20 8 3 4 9
4 8 20 60 20 40 2 8 5 4 3 1
64 128 20 60 40 150 2 12 3 6 6 9
4 16 50 60 40 60 4 6 5 4 1 1
4 64 5 20 60 100 2 8 7 2 2 5
8 64 50 120 60 150 2 4 4 6 5 3
4 128 80 120 20 40 2 6 5 6 1 5
16 128 50 120 20 100 10 20 3 2 5 9
4 16 50 120 40 100 2 8 7 2 2 9
8 32 50 60 100 150 10 20 7 7 6 7
4 32 5 10 20 60 2 12 8 2 5 5
4 16 5 20 20 150 10 20 4 6 3 1
4 32 5 120 100 150 6 12 5 5 1 1
16 32 20 60 40 100 15 20 3 5 2 5
8 16 5 60 40 100 4 20 7 7 6 5
64 128 5 120 20 100 4 6 3 6 5 7
64 128 5 60 60 100 6 12 8 5 3 3
64 128 5 60 40 60 10 12 3 6 3 5
4 64 20 120 60 100 6 8 4 3 4 1
8 128 5 10 20 40 10 20 8 4 1 9
32 64 20 120 20 150 2 12 3 6 5 9
32 64 50 120 100 150 2 20 6 7 2 1
32 64 5 60 20 100 4 12 6 2 2 7
32 128 5 120 40 150 10 20 5 2 6 9
8 16 20 60 60 100 2 8 7 7 4 5
16 64 5 10 20 40 4 20 4 7 3 3
16 128 5 60 40 150 6 8 4 2 3 7
4 128 50 60 20 150 4 20 4 2 5 5
8 16 5 120 60 100 10 20 6 2 5 3
4 32 50 60 20 150 4 12 7 5 6 1
8 128 50 120 40 150 6 12 5 5 3 7
64 128 20 120 60 150 2 6 5 5 1 3
4 32 50 120 100 150 10 12 7 7 4 7
8 32 5 10 60 150 2 8 7 6 3 3
64 128 5 60 40 150 4 20 5 4 1 5
16 32 5 120 20 40 6 20 8 2 3 1
4 64 20 120 40 150 2 6 8 7 4 9
8 32 5 60 60 100 4 6 5 7 6 1
8 16 50 60 40 100 15 20 6 3 2 7
8 32 5 60 20 40 10 20 3 3 2 7
4 128 80 120 20 40 2 4 7 2 2 3
32 64 80 120 20 100 2 8 8 4 4 7
8 128 5 10 20 100 6 12 4 6 5 9
32 128 5 120 40 100 4 20 3 6 1 3
4 32 5 120 20 60 2 8 4 2 6 7
8 128 50 60 20 100 6 20 5 7 5 1
8 16 5 10 20 40 10 20 6 3 4 3
16 32 5 120 20 40 10 20 6 2 6 3
64 128 5 120 20 150 4 6 5 3 2 1
32 128 5 60 20 150 4 8 3 7 1 5
8 16 5 20 100 150 2 8 8 6 3 7
8 128 20 60 60 150 10 12 3 4 2 5
4 32 20 60 20 40 4 20 8 7 1 5
8 64 5 120 60 150 10 20 5 7 5 7
4 128 5 120 100 150 4 8 3 4 2 1
4 8 20 120 60 150 4 20 3 4 5 7
4 64 5 120 20 100 2 8 8 2 1 3
4 64 5 20 20 100 4 12 7 5 6 1
4 64 5 120 20 60 2 12 7 6 4 9
4 32 5 20 20 60 10 20 3 5 6 9
8 128 80 120 60 100 2 20 7 7 1 9
4 8 5 20 40 100 6 12 5 4 1 1
16 32 5 10 60 150 2 6 3 5 6 7
16 128 5 10 60 100 6 12 7 7 2 3
16 128 20 60 20 40 10 20 8 5 2 9
16 64 5 20 40 150 10 20 4 2 5 9
16 64 80 120 20 150 10 20 4 2 3 5
8 16 20 120 20 60 6 8 3 2 5 7
16 128 5 10 20 40 4 8 6 6 3 1
64 128 5 20 60 100 4 20 8 6 2 3
8 16 20 120 20 60 10 12 4 5 3 5
8 64 50 120 40 100 15 20 7 6 2 9
64 128 20 120 60 150 4 12 3 2 1 3
16 128 5 20 40 60 2 6 8 5 4 3
32 128 5 60 100 150 6 12 3 4 5 7
4 8 5 20 20 150 15 20 7 3 3 3
8 32 20 60 20 100 2 20 8 2 6 5
8 16 5 20 20 150 10 12 7 6 6 5
32 128 5 60 20 100 15 20 6 6 6 1
32 64 5 120 20 40 6 12 3 6 4 1
64 128 5 20 40 60 4 12 8 7 6 9
64 128 5 10 40 60 2 12 5 6 4 7
16 128 20 120 60 150 2 6 5 7 6 5
4 8 5 10 60 100 2 12 4 6 4 9
16 128 80 120 20 60 6 8 4 5 3 7
32 128 5 10 100 150 6 20 3 7 1 5
8 128 50 120 40 100 2 6 5 2 4 7
4 64 20 60 20 60 6 12 7 4 6 1
16 64 50 60 20 60 2 8 6 5 2 1
32 128 50 60 60 100 6 8 6 2 5 1
4 64 5 120 40 100 10 12 3 4 6 3
4 16 5 20 20 60 4 20 5 5 3 3
16 128 20 120 40 100 6 12 3 7 2 9
8 32 50 60 40 150 2 8 6 5 4 9
4 128 20 60 20 100 10 20 8 5 5 1
4 16 5 60 20 100 6 12 8 7 6 3
16 64 80 120 60 150 6 12 5 4 6 1
64 128 20 60 40 150 4 6 7 6 4 1
8 128 50 120 40 60 6 20 5 3 2 9
16 32 80 120 60 100 10 20 7 7 6 5
8 32 50 60 20 150 2 20 3 5 3 1
4 8 5 20 20 150 10 20 7 3 6 5
4 128 50 120 20 40 4 8 6 7 6 5
16 32 5 120 40 150 2 8 4 3 5 1
16 128 20 120 40 60 2 20 4 6 3 9
4 8 5 120 100 150 2 6 3 7 1 1
4 16 20 60 60 100 2 6 6 7 6 7
64 128 50 120 20 40 6 12 6 4 3 5
32 128 50 60 20 150 6 8 5 6 6 3
32 128 5 120 100 150 2 8 3 6 4 7
4 128 50 60 60 150 10 12 7 2 5 9
64 128 5 60 20 150 10 12 8 2 5 5
4 32 20 60 100 150 4 20 4 6 4 3
16 32 5 60 20 100 10 12 7 5 3 3
4 128 50 120 100 150 6 8 8 5 1 7
8 16 20 120 40 150 15 20 6 6 2 1
32 128 50 120 40 60 4 20 7 5 6 3
16 128 50 60 40 60 2 6 7 4 1 7
4 16 50 120 40 60 4 20 3 4 4 7
4 128 20 120 20 150 6 8 7 6 2 5
4 128 20 60 40 150 6 8 3 7 3 3
16 64 80 120 40 60 6 8 6 3 1 9
16 64 50 120 100 150 6 12 3 4 1 3
64 128 5 60 40 60 6 8 7 2 5 7
4 8 5 60 20 100 4 6 7 4 4 1
16 32 5 20 60 150 6 12 5 6 1 1
64 128 20 120 60 100 2 8 8 7 4 3
8 16 5 10 20 150 6 12 6 4 3 3
4 64 20 120 60 150 2 6 8 5 1 9
8 32 80 120 40 60 4 6 7 4 1 7
4 64 5 60 20 40 4 6 4 6 5 5
16 64 20 60 40 100 10 12 4 5 5 3
4 64 20 60 20 100 6 20 4 6 4 1
32 128 50 60 40 100 15 20 5 4 3 9
4 64 50 120 100 150 4 8 4 2 6 1
8 128 80 120 20 60 15 20 6 4 3 5
8 16 50 120 60 150 4 8 8 5 5 5
4 64 5 120 20 60 2 8 3 7 5 1
4 128 5 120 60 100 4 12 5 5 3 5
8 128 20 60 20 40 4 20 5 7 4 3
4 128 5 20 60 100 4 20 6 2 6 7
32 64 80 120 40 100 15 20 6 5 3 1
8 32 20 120 40 60 2 6 7 4 1 1
4 32 20 120 40 100 6 8 8 6 2 1
8 32 20 120 20 40 4 6 5 7 6 5
16 128 20 60 20 100 4 6 6 2 3 7
4 8 80 120 60 100 4 8 4 7 3 7
4 64 5 10 20 100 6 12 4 4 2 1
8 128 50 120 40 60 10 20 3 5 4 3
16 64 5 60 20 100 6 12 7 6 2 5
8 32 50 60 40 60 6 12 3 2 3 7
4 64 5 20 40 60 2 8 7 7 1 5
4 8 5 120 60 100 2 4 3 6 5 9
4 128 50 120 40 150 2 20 5 7 3 3
32 64 50 60 100 150 2 20 8 4 1 5
16 128 5 20 20 40 10 20 5 2 1 1
8 16 5 10 100 150 6 12 8 2 2 7
4 8 50 60 40 100 10 12 8 2 5 5
4 16 5 120 40 60 6 20 6 7 6 7
32 64 20 120 20 100 2 4 7 5 5 3
8 64 80 120 100 150 10 12 4 6 2 1
8 16 5 60 20 40 6 20 6 5 1 1
16 128 20 60 20 100 4 6 6 2 2 3
32 64 80 120 20 100 2 8 5 4 3 9
4 64 50 120 40 150 4 12 6 2 5 3
64 128 5 10 20 40 4 6 6 7 2 5
8 64 5 120 40 100 4 20 3 4 1 7
8 128 50 120 40 60 4 12 5 3 4 1
32 64 50 60 60 150 6 8 6 6 1 3
4 8 5 120 100 150 15 20 3 5 5 9
16 32 20 60 20 100 10 12 4 2 3 5
32 64 20 120 20 40 4 20 8 3 4 7
16 32 5 60 100 150 2 20 6 4 5 9
4 64 5 20 60 150 6 8 7 3 1 3
16 128 5 10 60 100 4 8 7 6 4 9
8 128 50 60 60 100 4 6 5 2 1 9
16 128 5 20 20 150 2 8 6 3 6 1
8 16 20 120 40 60 10 12 6 6 3 5
4 16 80 120 20 40 4 20 3 3 2 5
32 64 5 20 20 40 2 8 3 2 4 9
4 64 5 60 20 150 2 4 7 5 4 5
4 16 50 120 40 100 4 6 8 4 6 9
32 64 5 60 20 60 15 20 5 4 5 5
8 32 5 10 20 100 4 6 3 4 2 9
32 128 50 120 40 60 2 4 6 3 3 3
8 64 5 120 40 100 2 20 7 3 6 1
4 32 50 60 20 60 6 8 6 3 4 5
16 32 5 60 60 100 4 6 8 6 1 1
8 128 5 10 40 150 2 6 6 2 5 3
4 128 5 10 20 100 4 8 8 2 3 1
64 128 5 60 40 150 4 8 5 4 6 5
16 128 5 10 20 150 2 12 3 5 1 3
4 128 5 20 40 150 4 12 6 5 6 1
4 32 5 20 20 40 4 6 7 6 6 1
4 64 5 10 60 100 10 20 3 2 1 3
4 8 5 10 20 40 2 4 6 3 5 1
4 16 5 20 60 100 2 6 3 3 3 3
16 32 50 120 40 60 2 12 3 6 2 5
4 64 5 60 60 150 2 20 8 5 1 3
4 64 20 120 20 60 2 20 8 6 2 5
64 128 5 10 20 150 4 6 6 3 2 5
8 32 20 60 20 40 2 12 4 2 6 1
4 64 5 120 20 60 2 6 3 5 5 5
16 64 5 20 40 100 4 20 6 3 2 7
4 64 5 20 20 60 2 20 5 6 2 3
4 16 5 120 20 60 10 12 6 2 1 1
16 32 5 120 20 60 4 20 5 6 2 5
16 32 20 120 20 40 4 12 5 7 3 7
64 128 20 60 60 100 4 12 6 6 3 9
8 64 50 60 40 60 2 6 5 5 2 9
16 32 80 120 40 100 10 20 7 2 1 1
8 32 50 120 40 60 6 8 3 4 5 3
8 64 5 60 20 60 2 12 7 6 5 5
16 32 5 20 20 150 6 12 7 6 1 9
32 128 5 60 100 150 6 12 3 3 6 7
4 8 50 120 20 150 4 6 8 3 1 5
4 64 5 10 20 40 6 8 5 6 5 3
32 128 20 60 60 150 6 12 6 3 2 7
8 64 5 120 20 40 4 20 5 6 2 9
4 128 5 120 100 150 4 12 7 4 4 5
16 64 5 20 60 100 2 12 3 7 1 1
32 64 80 120 40 100 4 8 6 4 6 9
32 128 80 120 40 60 2 6 5 2 5 9
16 128 20 120 60 150 2 4 6 4 3 7
16 32 5 10 40 150 2 20 7 7 2 5
4 64 20 120 100 150 6 12 8 5 3 1
64 128 50 120 20 100 2 12 6 6 5 1
16 128 20 120 60 150 4 6 7 4 2 7
4 64 5 20 60 100 2 8 3 5 6 3
32 128 20 60 100 150 10 12 4 7 5 9
4 8 5 120 40 150 4 6 5 5 3 7
32 128 50 120 20 100 10 12 7 3 2 9
8 128 50 120 40 100 15 20 7 2 6 7
4 32 5 10 100 150 15 20 5 6 6 3
16 128 5 10 60 150 2 8 6 5 2 7
8 128 5 60 40 60 4 8 7 3 5 3
16 64 20 60 20 40 4 12 5 5 3 5
32 128 5 120 20 60 2 20 6 6 2 9
4 32 50 60 40 100 15 20 5 3 3 3
8 64 5 60 20 40 10 20 5 3 4 7
16 64 50 60 100 150 2 8 3 7 3 7
8 64 5 10 20 60 4 12 3 5 2 3
8 64 5 10 60 150 4 6 4 5 2 5
4 8 5 20 20 100 10 20 5 2 3 9
16 128 50 60 40 150 6 20 6 4 6 7
4 16 5 20 100 150 6 12 6 6 1 7
32 64 5 10 20 150 4 6 8 5 1 7
4 128 5 10 20 40 15 20 3 3 1 5
4 64 5 20 100 150 4 8 3 7 1 7
8 32 5 20 20 100 2 6 3 4 2 9
8 128 5 120 100 150 2 6 5 2 5 5
16 32 5 60 40 150 2 8 4 5 6 3
4 32 5 20 40 100 10 20 5 4 6 3
16 128 5 120 20 40 4 20 6 6 3 1
8 32 20 120 20 60 2 4 7 6 2 7
8 64 50 120 60 150 4 8 8 7 2 9
4 128 5 10 20 150 6 12 5 4 4 3
8 16 20 60 20 100 2 6 4 7 6 1
8 16 50 120 20 150 2 4 8 5 2 5
16 32 20 60 40 60 6 8 6 6 6 5
4 8 5 60 20 40 4 8 7 5 2 1
16 128 5 60 40 100 2 20 7 4 5 3
8 32 5 20 40 100 4 8 5 5 1 7
8 64 5 10 20 150 10 20 7 7 6 1
32 64 80 120 20 60 2 20 6 6 6 3
8 64 20 120 60 150 2 12 3 7 4 5
8 16 5 120 60 100 2 4 4 4 2 1
16 128 5 60 40 100 2 8 3 7 2 9
8 32 20 120 40 60 4 6 8 6 2 3
64 128 50 120 40 150 4 8 4 7 5 5
32 64 5 60 60 100 2 8 6 2 6 9
4 32 50 60 60 150 2 8 6 6 3 5
4 128 5 10 60 150 2 4 6 3 3 9
8 64 50 60 100 150 4 20 7 6 4 1
16 64 50 120 20 60 15 20 4 4 4 1
4 128 80 120 40 60 10 12 8 7 6 7
64 128 50 120 60 150 10 20 4 4 3 7
16 128 50 120 60 150 2 4 6 3 4 3
8 64 20 120 20 100 2 20 7 6 3 7
4 16 5 120 100 150 4 20 4 3 5 3
8 32 5 20 20 100 2 12 5 7 3 3
32 64 80 120 40 100 10 12 8 4 1 5
8 128 5 120 60 150 15 20 6 5 5 3
8 16 5 60 60 100 4 20 5 4 5 9
4 32 5 20 40 150 4 12 6 3 4 5
4 32 50 60 40 150 6 8 7 3 3 3
8 16 20 120 20 40 4 20 8 7 2 1
32 64 80 120 100 150 2 8 7 3 2 5
8 64 50 60 100 150 10 12 8 3 2 7
4 32 5 60 60 150 6 8 4 7 5 1
64 128 80 120 20 60 10 20 4 4 6 5
32 64 5 120 20 100 2 12 5 2 5 7
8 128 50 120 20 150 10 12 6 3 2 3
16 128 5 20 20 100 2 4 7 6 3 1
8 32 20 60 20 150 6 12 8 7 4 1
4 32 5 120 20 100 2 12 3 6 6 5
16 128 5 10 40 150 4 20 3 2 5 5
32 128 5 120 20 100 2 20 7 3 3 7
4 128 80 120 100 150 2 12 3 3 3 9
4 16 20 60 60 150 6 20 4 7 1 7
4 8 5 10 20 60 2 4 3 7 1 1
8 16 50 60 20 150 6 12 3 7 5 5
8 64 20 60 20 40 2 6 3 3 5 3
64 128 20 120 60 100 4 8 5 5 4 5
16 128 5 120 100 150 2 8 6 7 2 9
4 32 80 120 60 150 6 12 4 7 2 3
64 128 5 60 40 150 4 20 4 3 6 3
16 32 20 60 40 100 6 12 3 2 2 1
8 128 5 20 100 150 10 20 4 6 3 1
32 128 50 120 60 100 2 4 4 6 6 7
16 32 5 120 60 150 4 20 7 7 2 7
32 64 50 120 20 100 2 4 6 3 5 1
16 64 20 120 60 100 6 20 8 3 6 1
64 128 80 120 60 150 10 20 8 4 4 1
8 16 50 60 20 150 6 12 7 3 3 1
16 64 5 10 20 40 4 6 6 7 1 1
32 128 5 20 60 150 2 8 8 5 6 7
16 32 20 60 60 100 15 20 8 5 4 3
8 64 20 60 40 150 15 20 3 7 3 9
8 64 5 120 20 100 6 20 6 2 2 7
16 32 20 120 100 150 2 20 8 7 3 3
32 64 5 60 20 100 6 8 8 2 2 9
32 128 5 10 100 150 2 20 4 7 3 3
4 16 5 20 20 60 4 8 4 7 1 9
8 128 50 120 40 100 2 8 4 7 2 1
4 32 50 120 20 150 2 4 4 5 1 3
32 128 20 60 40 60 4 12 5 2 4 5
32 64 5 20 40 100 6 8 5 3 1 5
32 128 20 120 40 100 2 12 8 2 6 5
4 8 5 60 40 60 15 20 3 4 4 5
4 8 5 120 40 150 10 20 3 4 6 1
4 32 50 60 40 150 4 8 4 3 6 7
32 64 80 120 20 40 2 20 7 2 6 9
16 32 50 120 100 150 10 12 6 5 5 1
8 16 5 120 40 150 10 20 8 2 5 5
4 64 50 120 20 150 2 8 7 2 3 5
4 16 20 120 60 150 6 12 3 4 4 3
8 64 5 60 40 150 4 20 6 7 6 9
4 16 5 120 60 100 2 6 3 6 3 1
4 8 5 20 20 60 4 12 8 4 4 3
8 32 5 20 20 150 6 12 6 7 4 1
4 32 5 120 20 40 2 20 6 5 6 7
4 8 80 120 40 60 6 8 8 2 3 3
16 64 50 120 60 150 2 20 8 3 1 1
8 128 5 10 40 150 2 20 5 6 3 3
4 16 20 60 60 100 2 4 3 2 5 7
16 64 80 120 20 40 2 8 5 7 6 7
8 64 20 60 100 150 4 6 6 6 6 9
4 64 80 120 60 150 4 12 5 3 2 5
8 32 80 120 60 100 10 12 5 6 6 5
32 64 5 60 60 150 6 8 7 6 5 9
4 32 50 120 100 150 10 20 6 2 6 7
16 64 20 60 60 100 4 6 3 2 6 3
4 64 50 120 40 100 4 12 4 3 6 7
4 8 50 60 20 150 4 12 4 7 2 1
4 64 50 120 60 150 6 12 5 6 6 7
64 128 5 60 60 100 2 4 3 4 3 5
8 16 20 60 40 60 4 12 4 3 5 9
8 64 50 120 40 100 4 12 6 4 6 9
64 128 50 60 20 150 2 6 6 6 2 1
8 128 5 20 40 60 4 20 8 4 1 9
4 16 5 10 60 100 4 20 4 7 3 3
64 128 20 120 20 100 6 12 7 6 2 5
4 8 20 120 100 150 15 20 6 6 2 9
16 32 50 120 60 150 6 20 6 7 6 5
16 128 5 20 40 100 2 4 3 3 4 5
8 16 5 60 20 150 2 8 5 7 2 3
8 32 50 60 60 100 2 20 4 4 1 7
4 128 5 20 20 150 10 12 3 6 6 1
32 128 5 20 20 150 4 6 5 7 2 3
32 128 20 120 20 100 2 8 4 4 6 7
16 32 5 60 40 150 4 6 8 3 4 3
16 128 50 60 40 150 10 12 6 7 3 5
16 64 20 60 20 100 10 12 7 6 4 5
8 128 20 60 100 150 10 12 3 7 1 7
4 32 5 20 20 150 4 6 5 4 1 5
4 16 20 60 60 150 4 8 5 7 4 3
4 128 50 120 60 100 4 12 7 5 3 3
4 16 80 120 20 60 2 8 5 3 3 7
4 32 5 120 100 150 4 20 3 4 6 3
8 16 50 60 20 60 15 20 5 3 6 1
32 128 50 60 20 100 10 12 6 2 2 5
4 64 5 120 60 100 6 20 5 6 5 7
4 8 5 10 20 150 2 20 4 6 3 7
4 16 5 10 40 150 6 8 5 3 5 7
4 16 80 120 20 150 2 6 3 3 4 3
4 128 20 60 20 60 2 6 8 2 6 3
16 32 5 20 60 150 2 20 7 4 5 5
8 128 50 60 100 150 2 20 7 2 6 9
16 64 50 120 20 100 4 8 5 7 4 9
4 16 80 120 60 100 6 8 6 2 5 9
16 128 5 60 40 100 10 12 5 4 6 3
16 32 5 10 20 100 6 12 5 5 5 1
16 128 5 120 40 150 2 12 8 2 1 1
16 32 5 120 40 60 4 12 7 3 4 3
4 16 20 60 40 60 6 12 3 7 1 3
4 8 5 120 40 100 4 12 8 2 4 9
8 16 50 60 60 150 4 8 7 3 5 7
4 16 50 60 60 100 10 20 6 5 5 9
16 64 20 60 60 100 15 20 3 2 4 5
4 64 50 120 20 40 10 12 5 6 6 9
4 32 5 120 40 60 4 8 6 5 6 3
8 128 80 120 40 100 2 6 8 2 3 5
4 16 20 60 20 40 6 8 6 5 2 9
8 64 5 20 40 100 4 6 5 7 5 3
8 64 50 120 20 150 2 4 8 7 3 3
32 128 5 120 20 60 10 20 3 5 3 7
4 128 5 10 100 150 6 12 3 2 2 1
4 64 50 120 60 100 4 6 3 6 2 7
8 128 5 10 20 40 2 12 5 2 3 1
8 32 5 60 20 100 6 20 7 7 5 5
4 16 80 120 20 40 4 6 5 5 6 1
4 8 50 120 60 150 4 8 8 7 3 5
4 128 50 120 20 60 6 12 6 6 1 7
64 128 5 10 40 150 2 8 6 7 2 9
4 16 20 120 100 150 2 12 4 6 3 7
8 32 5 60 60 100 2 4 7 4 3 5
16 128 5 20 20 40 10 20 3 7 6 9
16 128 80 120 40 150 6 8 7 7 5 5
4 32 50 120 40 100 15 20 4 2 4 7
16 128 5 60 20 60 15 20 3 7 5 5
4 64 5 20 40 60 4 12 5 3 6 1
32 128 50 60 40 100 10 20 3 6 5 7
4 32 5 20 20 40 4 20 3 3 6 7
16 32 50 60 20 60 15 20 3 3 3 7
8 128 20 60 60 150 6 20 3 3 1 5
32 64 20 60 40 150 4 12 4 5 5 5
32 128 50 120 40 150 2 20 6 3 6 5
16 128 20 60 20 100 4 8 8 2 4 3
8 16 50 120 20 60 15 20 7 3 3 5
8 16 5 10 40 100 6 20 6 5 1 7
8 32 5 20 20 100 10 12 4 2 4 9
8 64 5 10 100 150 4 12 3 4 5 3
8 128 50 60 40 100 6 20 5 5 1 5
8 64 20 120 20 150 4 20 5 5 4 3
8 64 20 120 20 60 6 12 6 7 3 9
64 128 5 10 20 150 6 8 7 2 3 1
8 32 80 120 20 40 4 12 7 5 6 1
8 32 80 120 40 150 2 20 6 6 1 1
32 64 20 60 20 40 2 8 7 3 3 1
4 128 50 120 40 60 4 12 5 2 6 3
8 32 5 20 40 60 4 20 3 5 5 9
4 16 20 60 40 100 2 4 4 4 2 9
16 128 5 120 20 100 2 6 8 5 3 3
4 16 5 60 20 40 4 12 4 4 4 9
16 128 5 60 20 100 4 12 3 4 1 5
32 64 20 60 100 150 6 12 7 5 3 5
16 64 50 120 60 100 2 8 3 2 3 1
64 128 80 120 20 100 4 20 4 2 6 3
4 128 5 20 60 150 6 20 8 4 5 7
8 64 50 120 40 100 2 4 8 4 5 3
16 32 50 60 20 60 2 4 3 6 5 5
16 64 50 60 60 150 4 8 5 4 3 9
8 128 80 120 60 100 10 12 4 2 6 9
4 64 20 60 40 60 4 6 6 4 2 3
16 128 50 120 60 150 6 12 3 7 2 3
4 64 20 60 60 100 4 12 8 7 3 9
16 128 5 20 60 150 2 6 8 3 5 1
16 64 20 60 20 150 6 12 4 5 2 1
4 32 50 120 20 40 2 4 5 7 2 9
8 128 50 120 20 60 4 8 6 3 4 9
4 16 20 60 40 150 2 12 5 6 5 5
8 64 5 60 20 60 4 6 3 3 3 9
4 128 5 10 40 150 2 12 8 7 3 9
32 128 80 120 20 60 6 12 6 3 4 9
32 128 20 120 20 100 4 20 8 2 1 9
16 64 5 60 60 150 2 8 3 3 3 7
8 128 5 20 20 40 2 6 5 5 3 9
16 128 80 120 100 150 10 20 3 6 3 7
4 32 50 60 40 150 6 20 3 4 5 3
4 8 5 10 20 100 6 8 8 3 1 9
4 16 5 120 20 100 15 20 7 3 2 9
32 64 5 20 20 40 10 20 3 2 5 5
4 32 20 120 20 150 2 4 8 6 4 7
4 32 20 120 40 60 4 20 6 6 1 1
8 32 5 60 40 150 10 20 8 2 3 1
4 16 5 120 40 150 10 12 3 3 4 5
16 32 20 60 40 60 6 12 3 7 1 7
16 64 5 60 20 100 6 12 3 3 1 9
4 8 50 60 100 150 6 12 6 2 6 7
16 32 20 60 60 150 6 8 4 6 6 3
32 128 20 60 60 100 6 20 4 2 6 9
4 32 80 120 60 100 10 20 5 7 1 5
16 64 50 120 40 100 2 12 6 6 5 9
32 128 5 120 40 150 2 12 5 4 2 3
32 128 20 120 20 150 2 4 5 5 5 3
32 64 20 60 60 150 6 20 7 3 6 9
16 32 20 120 60 100 10 12 7 6 4 9
16 32 5 20 60 100 2 4 5 6 3 9
32 64 80 120 20 60 2 12 7 7 4 9
4 32 5 20 20 100 6 8 4 7 1 7
8 128 50 120 60 100 15 20 5 3 3 7
8 16 5 20 20 40 2 8 4 3 2 5
4 16 5 20 20 60 2 12 5 7 4 1
8 16 5 10 40 150 2 6 8 5 4 1
64 128 5 20 20 150 4 12 5 6 4 7
32 64 50 60 20 150 2 20 6 6 2 9
64 128 20 60 20 150 4 20 6 5 2 9
16 64 5 60 60 100 6 12 4 7 4 1
8 32 5 60 60 100 2 20 7 2 2 3
16 64 20 120 60 100 2 12 3 5 3 9
16 32 50 120 20 100 10 12 8 3 4 7
16 32 50 60 40 100 4 6 7 2 3 1
16 64 20 120 20 60 4 20 7 4 6 9
8 64 20 120 40 150 2 8 8 7 4 9
32 64 50 120 20 60 2 20 4 3 1 7
4 32 20 120 20 150 10 12 5 6 1 9
4 128 5 60 40 150 2 12 5 5 3 1
4 16 5 10 100 150 4 20 7 6 5 1
64 128 50 60 60 100 6 20 7 6 5 7
64 128 50 120 20 40 4 12 7 7 3 7
8 16 5 60 100 150 10 20 5 5 2 5
8 32 5 120 40 100 10 20 3 2 1 1
16 32 5 20 20 60 2 20 7 7 2 9
16 128 20 60 60 150 15 20 6 7 4 7
8 64 5 20 40 100 2 4 3 6 1 3
4 64 50 120 60 100 4 8 8 6 3 3
8 64 20 60 20 60 4 12 8 6 4 5
8 64 50 60 100 150 2 8 4 3 5 9
16 128 20 60 100 150 15 20 8 3 3 1
4 128 5 120 40 60 2 4 3 5 5 1
4 128 5 120 20 60 10 20 6 3 4 7
4 128 80 120 40 100 6 20 4 7 1 3
64 128 5 60 60 150 4 20 8 6 2 3
64 128 5 20 20 100 2 20 5 3 4 1
8 128 50 120 40 60 2 12 6 3 6 5
8 64 5 10 100 150 2 4 5 3 5 1
4 16 20 120 40 100 2 4 5 5 4 9
16 128 50 120 20 150 4 6 5 2 1 9
8 64 80 120 20 150 2 12 6 5 4 5
8 128 5 20 20 60 6 12 6 5 6 7
8 64 5 120 20 150 4 6 5 4 4 7
8 128 50 60 20 40 6 8 8 6 4 1
64 128 20 60 40 100 4 6 8 2 5 3
16 64 5 60 60 100 10 12 8 5 1 3
4 8 80 120 20 150 2 6 3 6 5 1
8 128 20 120 40 150 2 4 6 5 3 3
4 64 20 60 20 60 2 6 8 6 4 1
8 16 20 120 20 100 4 8 8 3 2 5
4 128 5 10 40 100 4 6 6 3 6 7
32 64 5 120 40 100 6 20 8 2 3 7
8 128 20 60 20 60 4 20 6 5 4 1
8 32 50 120 40 100 4 12 3 7 6 1
4 16 20 120 20 40 6 8 4 3 5 9
4 64 50 120 60 100 2 8 4 4 5 5
32 64 20 120 20 150 4 20 3 3 2 3
4 64 50 60 20 150 2 4 8 4 3 7
16 128 5 60 40 100 2 6 3 6 1 5
16 128 50 60 20 60 2 4 7 4 2 9
8 16 5 60 60 100 6 8 6 4 1 5
8 64 5 10 40 60 6 8 6 7 1 1
4 128 5 120 40 150 2 8 3 2 2 1
4 32 50 120 100 150 15 20 3 2 6 7
32 128 5 20 100 150 10 12 4 4 5 1
32 64 50 120 20 60 4 20 4 7 2 3
16 32 5 20 100 150 15 20 3 7 4 7
16 64 20 120 100 150 2 8 6 5 4 3
4 64 50 60 20 150 2 20 5 3 6 7
8 32 5 120 100 150 2 20 7 7 6 5
32 64 20 120 40 60 2 20 7 5 3 5
8 128 80 120 40 100 4 6 7 6 6 5
32 128 5 120 40 150 2 8 4 7 4 5
4 128 20 120 40 60 4 8 8 6 1 9
4 32 5 60 40 100 2 8 3 6 3 5
8 128 50 120 40 60 2 12 4 6 3 3
4 128 20 60 100 150 4 6 4 2 6 5
4 16 5 20 60 150 2 20 7 5 6 3
64 128 5 10 40 150 4 20 4 4 4 5
64 128 5 120 40 100 4 8 6 7 3 5
64 128 20 60 20 150 6 12 6 5 5 3
32 128 5 120 20 40 2 12 8 5 1 7
16 32 50 60 40 150 2 20 6 2 3 5
8 32 50 120 40 60 4 12 5 7 5 1
16 128 20 120 20 150 10 20 7 4 1 3
8 16 50 60 60 100 2 4 3 3 2 5
16 32 5 20 60 150 6 8 4 6 2 7
4 64 80 120 100 150 15 20 6 2 4 3
4 32 20 120 60 100 2 6 5 3 2 3
16 32 50 60 20 40 2 6 6 2 1 3
8 128 50 120 40 150 4 6 7 4 1 9
4 32 5 20 20 150 2 4 3 6 2 1
32 64 5 10 40 100 10 20 5 3 4 3
16 128 5 20 60 100 2 6 3 5 1 1
16 32 50 60 60 100 2 20 7 2 5 3
16 128 80 120 20 150 4 8 5 7 1 7
8 64 20 120 20 40 4 12 7 3 2 3
16 32 20 60 20 150 2 8 8 3 2 3
4 128 80 120 40 150 6 20 6 3 3 1
8 32 5 10 20 100 10 12 4 6 5 7
8 16 5 120 40 150 2 4 6 4 3 1
32 128 5 120 60 100 2 20 5 5 6 7
4 64 20 60 40 60 2 8 4 6 4 7
4 64 5 120 40 100 6 8 6 5 5 3
64 128 5 20 40 60 10 12 4 2 5 3
8 64 5 60 20 100 2 8 4 7 3 5
4 128 80 120 60 150 10 12 8 7 5 5
8 64 5 10 60 150 10 12 6 4 3 3
4 64 5 10 100 150 4 20 7 5 3 7
16 128 20 120 100 150 2 4 7 5 5 3
32 128 50 120 40 60 4 6 7 4 5 9
8 16 5 60 100 150 10 20 4 4 4 3
32 128 5 120 20 60 15 20 7 5 6 7
8 64 20 120 60 150 2 12 6 4 4 7
32 128 80 120 60 100 4 20 7 6 6 3
4 16 50 60 20 100 4 20 3 5 2 1
4 64 5 20 40 100 4 8 6 2 4 9
8 16 5 120 100 150 6 20 7 4 1 3
16 32 5 10 20 150 2 12 8 3 2 3
32 128 20 60 40 100 6 20 4 6 1 7
16 64 50 120 20 150 10 20 8 5 1 1
4 128 5 20 60 150 6 20 3 2 5 3
8 32 5 10 40 150 15 20 7 7 6 1
4 64 5 20 20 60 15 20 7 6 1 7
4 32 20 120 20 40 4 20 8 3 3 7
16 64 50 120 40 60 4 20 5 5 6 5
4 32 5 20 100 150 4 20 5 6 1 7
4 16 5 60 100 150 4 20 4 2 2 1
4 128 5 120 20 100 4 6 6 2 2 1
4 128 20 60 40 100 2 12 5 3 1 3
8 64 50 120 100 150 4 6 8 5 1 7
4 32 5 60 20 100 2 4 3 3 6 7
32 128 5 120 60 150 15 20 5 3 6 1
4 16 5 10 20 60 2 20 5 6 3 5
16 32 80 120 60 150 6 12 5 6 4 5
8 64 5 10 20 100 2 6 8 5 2 7
32 64 20 60 20 40 15 20 4 7 4 1
8 64 20 60 60 100 2 8 6 3 6 1
4 64 5 10 40 100 2 4 8 3 5 9
8 64 20 60 20 100 4 20 7 4 5 1
4 32 20 120 20 60 4 20 5 2 1 1
8 16 20 60 40 150 4 12 3 6 3 5
16 128 5 20 20 60 4 12 7 5 1 3
16 128 5 20 20 40 6 20 8 4 2 3
4 8 80 120 40 60 2 4 8 3 2 9
8 16 5 20 20 100 4 20 3 2 6 3
4 16 5 60 20 60 4 12 8 3 4 5
64 128 5 10 40 100 10 12 4 3 3 5
4 8 50 60 40 150 10 20 5 7 5 3
4 8 5 20 40 150 4 20 8 2 5 3
4 128 50 120 20 150 4 8 7 2 6 3
4 64 5 60 40 60 6 12 8 4 1 1
16 64 20 120 20 40 2 4 3 4 6 5
8 128 5 120 40 150 2 8 5 6 5 5
4 8 5 120 40 60 15 20 4 2 6 9
32 64 80 120 20 40 4 12 4 5 6 3
4 64 5 20 60 150 10 20 8 3 5 1
4 128 50 60 20 60 2 4 6 3 1 1
64 128 80 120 40 100 4 20 8 5 6 3
8 128 80 120 100 150 2 12 6 3 2 5
64 128 20 60 40 100 6 8 5 3 5 7
4 64 20 120 40 150 10 12 6 5 1 7
16 32 50 120 40 100 2 8 4 2 4 9
8 128 5 120 40 100 2 4 6 3 2 5
8 128 5 120 40 150 4 6 3 4 1 3
8 128 5 20 60 150 15 20 8 5 1 7
8 64 50 120 20 60 6 20 7 5 3 1
4 128 5 120 40 60 2 12 6 7 5 7
8 32 5 60 20 150 10 20 4 7 5 3
16 128 50 60 20 150 4 8 4 7 4 3
8 128 50 120 40 100 2 12 8 2 6 5
32 128 50 120 40 100 6 12 3 2 2 7
8 32 5 10 20 150 15 20 3 6 1 3
8 16 5 120 40 100 2 12 5 7 5 9
64 128 50 120 20 60 4 12 7 4 5 5
16 64 5 60 40 100 6 20 8 2 1 9
4 64 50 120 100 150 4 20 4 5 2 7
8 16 80 120 100 150 4 8 8 2 1 7
16 128 80 120 20 100 2 4 7 6 6 1
16 32 5 120 40 60 2 4 5 4 2 1
16 64 20 120 20 100 2 20 3 7 6 3
32 128 5 20 60 100 4 8 4 7 1 9
8 128 5 10 60 150 2 8 7 4 1 5
4 128 80 120 40 150 2 8 4 2 1 9
8 16 50 120 100 150 2 6 5 4 5 7
4 32 20 60 60 100 2 12 7 7 1 5
4 32 5 120 60 100 4 12 5 6 5 7
8 16 50 120 40 60 2 20 6 7 2 5
4 32 20 60 60 100 4 8 7 5 2 1
64 128 5 20 100 150 4 6 6 5 6 1
4 64 20 120 60 150 4 8 7 2 3 3
16 32 5 10 20 40 2 20 5 2 5 5
8 128 5 10 40 60 4 6 8 4 2 3
8 16 5 20 100 150 2 6 4 7 4 1
64 128 80 120 60 100 4 8 4 7 1 1
32 128 5 10 100 150 2 8 8 7 5 7
8 64 5 10 40 100 10 12 6 6 5 9
4 64 20 120 60 150 2 4 7 7 3 9
16 64 50 60 40 100 10 12 5 6 1 3
8 16 20 120 20 100 10 20 4 5 4 1
4 64 5 60 40 100 10 12 5 4 2 1
8 32 5 60 40 150 6 12 7 6 6 1
8 64 20 120 20 100 10 20 4 4 2 7
4 64 50 60 60 150 2 4 8 3 3 9
8 128 50 60 40 60 4 6 3 6 1 1
4 32 5 120 20 100 2 4 6 5 1 1
4 16 20 120 20 40 2 6 8 7 5 1
4 64 5 10 40 60 2 12 7 5 6 3
8 32 20 120 20 40 2 6 5 7 4 1
4 128 5 120 40 100 4 6 7 5 6 9
4 64 50 60 60 150 6 20 6 4 1 7
16 64 50 60 20 40 4 8 4 7 6 5
4 32 80 120 40 60 6 20 4 5 4 1
4 32 80 120 60 150 2 6 7 3 4 1
4 64 5 10 60 150 6 20 7 2 4 7
8 32 5 20 20 150 10 20 4 3 2 3
4 128 20 60 40 150 2 12 4 2 4 7
16 32 80 120 20 60 10 12 8 2 2 3
16 64 5 20 60 100 4 20 4 7 5 5
4 128 5 60 20 100 2 12 8 4 4 7
32 128 20 120 20 100 2 8 5 2 3 3
16 128 5 60 60 150 2 12 6 5 5 3
32 64 5 10 100 150 15 20 8 5 3 3
8 16 5 120 60 150 4 6 5 6 3 5
8 16 80 120 20 100 4 8 6 2 4 3
4 128 20 60 20 40 6 8 5 4 5 7
16 128 5 10 40 150 6 8 5 3 6 9
8 64 20 120 20 60 15 20 8 3 6 3
4 16 5 10 100 150 2 20 7 7 2 7
16 32 5 20 40 100 2 12 8 7 6 7
16 64 20 60 40 150 4 12 3 2 1 5
8 32 5 20 100 150 2 12 8 6 3 3
4 64 50 60 20 100 6 8 5 6 2 5
8 64 5 10 40 60 4 20 7 3 2 3
64 128 80 120 40 150 2 6 4 5 3 9
64 128 5 20 20 60 2 12 8 3 2 1
4 128 5 20 40 150 6 8 5 3 1 7
8 32 20 60 60 150 6 8 7 6 6 9
4 64 5 120 60 150 6 8 5 5 6 7
4 64 80 120 40 150 4 12 7 2 2 1
4 32 20 60 40 100 4 20 6 4 6 3
8 128 20 60 60 150 10 12 7 4 2 9
8 128 5 20 100 150 2 6 5 7 5 3
32 128 50 120 20 60 10 20 4 5 5 7
8 16 5 60 60 150 4 20 3 5 4 7
8 32 5 120 40 100 6 12 3 4 6 5
8 32 20 60 20 150 2 8 8 3 1 5
8 16 20 60 20 100 4 8 8 4 2 9
8 64 5 60 60 100 6 20 8 3 4 7
16 128 20 120 40 100 10 20 6 7 1 3
32 64 20 120 20 100 6 8 5 6 3 5
16 32 20 120 60 150 15 20 5 7 2 3
8 32 5 120 100 150 6 12 5 6 4 3
16 128 20 60 40 60 10 12 8 3 1 9
8 64 5 120 40 100 6 12 6 7 2 1
4 64 50 60 20 60 2 12 6 3 5 3
4 16 50 120 60 150 4 8 5 4 3 3
4 64 5 20 20 60 4 12 5 4 5 7
8 16 5 20 60 100 2 20 3 5 3 3
8 64 5 20 40 100 2 4 3 4 5 5
8 64 50 120 20 150 2 8 4 3 6 1
64 128 5 20 40 150 10 20 3 4 5 1
64 128 5 20 40 100 2 6 6 4 1 7
32 64 80 120 20 100 2 12 7 5 4 7
8 32 80 120 60 150 4 20 6 3 2 1
64 128 50 60 40 100 10 12 3 6 6 7
4 16 80 120 60 150 10 20 7 3 2 7
8 128 50 60 20 40 4 12 4 7 2 3
16 32 5 10 20 40 2 6 4 3 6 3
4 32 5 10 20 40 4 12 4 5 6 3
8 64 5 20 60 150 2 4 3 4 3 3
8 16 80 120 40 150 6 20 4 4 3 1
4 64 20 60 60 100 6 12 8 4 5 9
8 16 5 60 20 40 2 8 7 3 2 5
4 128 20 60 20 150 4 8 7 2 1 9
4 8 50 60 60 100 6 8 6 5 4 5
16 64 5 10 40 100 2 12 8 5 4 5
8 16 20 120 60 150 15 20 3 5 4 7
8 64 50 120 20 150 10 20 7 5 6 1
8 32 5 10 20 60 2 4 7 4 4 1
64 128 5 60 100 150 2 8 7 7 3 3
16 128 5 20 40 60 15 20 7 5 5 1
16 128 80 120 60 100 2 20 8 7 5 1
8 16 50 60 60 150 6 20 6 7 1 9
4 128 50 120 60 150 2 12 8 2 4 1
16 64 5 120 40 100 2 12 6 2 2 7
4 16 50 120 20 150 15 20 5 4 5 7
16 64 5 120 40 60 6 8 8 5 5 9
8 16 20 120 20 150 2 8 5 6 2 9
16 128 5 20 60 150 4 6 6 6 6 1
4 128 5 10 20 100 6 8 6 3 6 3
32 128 5 120 60 150 15 20 8 3 1 7
4 16 80 120 20 100 2 4 5 2 2 7
8 32 20 120 40 60 2 6 3 7 6 9
8 128 20 120 60 100 4 6 5 6 6 7
32 128 5 20 20 150 2 4 8 5 1 5
32 128 80 120 60 100 4 12 7 4 3 9
8 64 5 20 40 60 15 20 3 5 2 7
32 64 5 60 40 60 2 8 3 5 3 7
8 16 5 60 60 100 2 12 3 6 3 7
8 128 5 10 40 150 4 6 4 7 1 5
32 64 5 60 40 100 2 8 4 6 2 7
16 128 5 10 20 150 15 20 6 6 4 9
64 128 5 120 60 150 6 20 8 6 5 5
8 64 20 120 40 60 10 20 8 4 2 3
8 32 5 60 20 40 6 8 6 7 5 1
16 32 20 120 20 150 4 6 4 4 6 9
8 64 5 20 20 40 6 20 3 4 5 1
16 32 5 60 20 60 4 12 4 7 4 9
4 128 5 120 20 60 6 8 6 7 1 5
4 16 20 60 40 100 15 20 6 7 3 9
16 128 5 60 20 40 6 20 7 6 6 7
16 32 80 120 20 40 10 12 8 4 6 9
4 8 50 60 20 100 2 20 5 4 3 1
4 32 50 60 40 60 6 8 3 2 6 9
4 64 5 120 20 60 2 20 6 5 1 7
4 32 80 120 20 40 15 20 5 2 1 7
32 64 20 120 20 150 10 12 8 3 6 5
8 16 5 10 40 150 4 20 6 5 6 5
8 128 5 10 60 150 2 4 8 2 5 9
8 128 20 60 40 100 4 6 3 7 3 7
64 128 50 120 60 100 4 20 6 5 3 5
8 16 50 60 40 150 6 8 6 6 1 9
8 64 5 120 20 40 2 12 3 5 5 7
8 16 5 10 60 150 4 12 4 6 4 5
4 8 5 10 20 100 6 8 4 3 3 3
16 32 50 60 20 40 4 20 7 3 4 9
16 128 5 10 20 100 10 20 6 6 5 5
32 128 50 60 20 100 2 20 7 5 5 5
8 64 5 10 20 100 4 8 4 4 3 7
