2000 3 0
8192 1500 1800
16 32 20 120 20 150 6 5 2
4 16 80 120 60 150 7 7 4
8 128 5 60 60 100 8 7 2
4 32 20 120 20 40 7 3 1
4 64 5 60 20 150 4 3 1
16 32 5 120 20 40 6 4 6
8 16 5 20 20 150 5 2 6
32 64 5 120 60 100 3 5 4
32 64 5 20 20 150 5 3 2
64 128 50 120 100 150 4 5 4
64 128 5 120 60 150 6 4 1
32 64 20 60 20 40 4 2 5
64 128 20 60 20 150 4 6 2
8 32 20 120 100 150 6 4 4
8 128 20 120 40 100 7 6 5
16 128 20 60 20 60 4 4 4
4 32 50 60 40 60 3 7 5
8 16 5 20 20 150 3 3 1
64 128 20 120 20 100 6 6 6
16 32 50 60 20 150 8 4 6
4 64 5 20 60 100 8 5 3
8 64 50 120 40 100 4 7 3
4 128 20 120 20 100 7 3 1
4 128 80 120 40 150 5 3 3
4 64 80 120 20 60 6 4 3
8 32 5 10 40 60 4 7 6
16 32 5 20 60 100 8 6 2
4 8 50 60 20 150 5 7 4
8 16 5 120 40 100 3 6 5
8 128 80 120 60 150 4 2 3
4 32 5 60 20 150 4 4 5
8 128 5 120 100 150 8 2 4
32 128 5 20 40 100 7 4 2
8 128 5 10 20 40 4 4 3
16 64 5 20 20 40 5 2 4
64 128 50 60 20 100 6 4 5
8 16 80 120 40 100 4 2 5
4 32 5 20 100 150 6 7 2
4 64 5 10 40 100 7 4 4
4 16 5 60 40 150 7 5 3
4 32 5 60 60 150 6 5 3
32 128 20 60 20 100 6 6 5
32 64 20 60 20 150 6 4 1
8 32 50 60 20 60 6 4 3
32 64 50 120 40 60 4 6 3
32 64 5 120 100 150 6 3 3
64 128 50 120 40 150 4 7 4
32 64 5 60 20 150 5 3 2
32 64 50 120 20 100 3 4 1
8 64 50 60 40 100 7 3 5
4 16 80 120 40 100 4 2 4
4 8 50 60 20 100 6 7 4
32 128 5 60 40 100 6 4 3
8 64 5 10 20 40 4 5 6
4 16 20 120 20 150 3 7 6
8 64 50 120 60 100 8 2 6
8 16 5 60 100 150 5 4 5
16 32 20 120 40 100 3 5 4
16 128 5 20 20 100 3 5 5
8 128 50 120 60 100 7 2 6
4 16 50 120 40 60 4 7 6
8 32 5 20 20 100 4 4 3
8 32 80 120 60 100 4 3 5
4 64 5 120 100 150 6 2 1
4 64 5 10 40 60 3 5 4
4 16 20 60 60 150 5 7 6
8 16 50 60 60 100 3 7 2
16 128 50 60 60 150 3 4 4
8 128 50 60 20 40 8 2 5
32 64 80 120 20 60 3 6 1
8 32 5 120 20 60 5 3 1
8 128 50 60 40 60 3 6 3
8 16 50 60 20 150 4 6 6
16 64 50 120 20 60 7 3 3
16 64 5 120 20 150 3 5 6
16 128 20 120 40 100 5 5 5
16 32 5 60 40 60 8 6 5
4 16 20 60 60 100 4 3 4
8 128 20 120 20 40 3 5 4
16 128 50 120 20 100 5 6 3
32 64 50 120 60 100 3 2 6
8 32 50 60 20 60 8 6 1
32 128 5 20 20 150 8 7 4
16 64 80 120 20 60 8 5 2
16 128 50 120 40 60 7 3 6
32 64 80 120 40 150 3 6 1
32 128 5 60 20 100 5 7 5
64 128 80 120 40 100 3 4 3
16 32 20 120 100 150 4 5 4
4 8 50 60 20 100 8 2 3
8 16 50 60 20 150 8 6 4
8 64 5 120 20 100 7 3 1
4 32 5 20 20 100 5 6 3
4 16 5 20 20 150 8 6 3
4 16 50 60 40 100 5 6 3
32 64 50 120 40 150 7 2 4
32 64 5 20 20 100 7 6 6
8 16 20 60 20 60 3 6 1
8 32 5 60 60 150 3 2 4
4 32 5 60 40 60 8 3 1
4 64 5 20 20 100 4 7 5
32 64 5 120 40 100 7 7 6
4 32 20 120 60 150 7 6 6
8 128 50 120 60 150 6 7 3
4 64 5 20 40 60 8 7 6
16 64 50 60 40 100 8 4 5
8 16 5 60 60 150 7 3 5
4 16 5 60 20 60 4 6 5
16 32 5 60 60 100 5 7 6
32 128 20 120 40 60 8 3 5
4 128 20 60 60 150 4 6 4
4 8 80 120 60 100 7 6 2
8 64 20 120 40 60 6 5 4
8 16 5 10 40 60 5 7 3
16 32 50 60 20 60 7 6 1
8 16 20 60 100 150 8 2 3
8 64 20 60 20 60 3 6 6
8 16 50 120 60 150 6 5 4
4 32 80 120 20 40 7 4 5
8 16 80 120 40 60 8 3 3
32 128 5 20 100 150 4 6 5
8 64 5 10 60 100 4 3 3
4 8 50 120 60 100 6 6 1
4 8 5 60 60 150 8 4 5
16 64 50 60 20 100 3 4 4
4 32 5 20 20 100 7 7 2
16 64 5 120 20 40 3 4 2
8 32 5 20 100 150 8 3 3
32 128 5 20 20 150 3 3 2
16 64 20 60 20 40 4 2 4
64 128 50 60 60 150 3 7 6
4 32 5 120 40 100 8 3 1
8 32 20 120 40 150 5 5 5
16 32 5 20 60 150 4 4 2
8 128 5 60 100 150 7 6 2
64 128 5 20 40 150 6 5 4
16 32 5 60 20 150 7 7 3
4 32 50 60 20 60 5 7 4
4 16 80 120 40 150 5 3 5
32 128 80 120 40 150 7 4 3
4 16 50 60 20 40 7 2 1
32 64 20 60 20 60 8 2 6
8 32 20 60 40 150 4 3 4
16 128 80 120 60 150 4 7 1
8 64 80 120 60 150 3 7 2
8 16 5 10 100 150 6 2 2
16 64 80 120 40 150 4 7 3
32 64 5 60 60 100 5 7 2
16 64 20 120 100 150 3 2 4
8 128 5 60 40 100 7 7 3
8 64 20 120 60 100 8 5 2
32 64 5 120 20 100 4 5 4
4 32 20 120 60 150 8 5 6
8 128 20 120 100 150 7 6 3
8 32 5 20 20 150 6 3 1
8 64 80 120 60 100 7 2 3
32 128 80 120 100 150 7 5 5
64 128 20 60 20 40 4 5 2
64 128 20 60 60 150 4 3 5
4 16 20 120 40 100 4 5 5
32 128 20 60 60 100 7 5 3
64 128 50 60 40 150 7 5 6
32 64 20 120 20 150 4 2 6
16 32 80 120 20 40 8 7 6
8 64 5 120 60 100 7 5 3
16 128 5 60 40 100 6 6 3
4 8 20 60 60 150 4 5 4
8 16 50 120 20 100 3 2 2
16 128 5 120 20 100 5 5 3
16 64 5 60 40 100 4 2 6
8 64 50 60 40 100 6 7 3
32 128 20 120 20 150 5 3 3
64 128 5 10 20 40 6 4 6
4 32 5 60 60 100 5 6 6
4 64 5 10 40 60 6 4 2
16 32 80 120 20 100 4 6 5
4 32 50 120 20 150 6 7 6
32 64 20 120 100 150 4 2 1
16 32 5 60 40 60 6 3 6
32 64 20 60 60 100 4 2 3
8 16 50 60 40 100 8 7 4
4 16 20 120 20 150 3 3 5
16 64 50 120 20 150 5 2 5
8 128 20 60 60 150 7 4 1
64 128 80 120 20 40 4 4 4
32 128 50 120 40 100 8 7 4
32 64 5 20 20 150 6 7 3
16 64 20 60 20 100 3 7 4
64 128 5 20 20 150 3 2 1
8 128 50 120 20 150 5 7 5
8 128 80 120 40 100 5 5 3
4 128 20 60 20 100 4 3 4
32 128 20 60 20 100 3 3 2
16 64 20 60 60 100 6 5 3
16 128 80 120 40 150 8 2 3
64 128 50 60 40 150 6 2 3
4 64 5 10 100 150 8 5 4
32 64 80 120 40 60 3 4 3
8 32 20 120 20 40 6 3 5
8 32 80 120 40 60 6 5 1
4 32 50 60 60 100 5 2 1
16 128 20 60 40 150 6 5 5
8 64 5 20 20 60 6 5 4
4 32 20 60 100 150 4 2 2
16 32 80 120 40 100 6 5 4
4 128 5 20 100 150 8 7 6
8 16 5 20 20 150 6 2 5
8 64 5 20 20 100 5 6 6
64 128 80 120 60 150 6 2 3
4 32 80 120 20 40 8 6 2
8 64 5 60 40 100 8 4 5
4 8 5 120 100 150 6 6 6
8 16 50 60 100 150 5 3 4
32 64 80 120 20 150 7 3 2
8 32 20 60 20 60 7 2 4
4 16 50 120 40 150 8 3 6
8 32 80 120 40 60 4 3 3
4 8 50 120 40 150 6 4 3
32 64 5 60 20 150 7 3 3
4 16 80 120 40 60 3 2 4
16 64 5 60 20 150 3 4 4
4 32 5 120 20 150 3 4 2
8 64 50 60 20 40 3 3 6
4 32 20 120 40 60 3 5 2
4 16 5 120 20 150 5 4 6
4 128 5 10 20 150 3 6 4
8 128 5 10 40 150 7 3 1
16 64 80 120 40 60 5 3 2
8 128 5 120 40 100 6 4 6
4 8 20 120 60 100 3 7 3
4 32 20 120 60 150 7 6 3
16 64 20 120 40 60 3 3 4
16 128 50 120 40 60 6 3 6
32 128 5 20 20 40 3 5 5
8 128 5 120 20 100 5 7 2
16 64 5 10 40 150 4 5 4
32 64 80 120 100 150 5 5 1
4 32 50 120 40 60 8 3 6
4 16 80 120 20 60 3 7 6
4 8 5 10 60 100 8 4 4
16 32 5 10 40 150 5 6 6
4 64 80 120 40 150 4 6 5
4 16 20 60 60 150 5 3 5
4 64 5 20 20 150 7 3 2
8 128 50 120 40 150 6 5 3
64 128 20 120 20 60 8 7 6
8 16 80 120 40 100 4 6 1
4 32 20 60 20 60 3 6 3
16 128 20 60 60 150 8 6 5
4 8 50 60 20 40 4 6 6
32 128 20 60 100 150 3 4 3
4 32 5 60 40 150 3 5 5
8 128 50 120 20 60 4 7 4
4 32 80 120 100 150 6 6 1
4 32 5 60 20 150 3 5 3
4 32 80 120 20 100 6 3 4
8 32 5 120 20 100 5 6 1
4 8 20 120 20 100 3 3 4
32 128 5 20 20 60 5 4 4
8 16 20 60 20 40 6 4 6
16 128 20 60 60 100 5 3 4
32 128 80 120 40 60 7 5 4
8 64 20 120 60 150 5 5 5
8 16 80 120 20 60 5 6 4
4 16 5 10 60 100 6 2 2
32 64 20 60 20 100 7 4 2
4 8 5 20 20 100 5 3 3
8 32 80 120 20 40 6 4 3
64 128 5 120 20 150 8 6 3
4 16 5 10 40 60 5 7 1
32 128 20 120 60 100 3 3 5
4 32 50 120 20 150 5 4 3
8 32 80 120 40 60 8 4 1
8 16 80 120 20 100 5 5 6
8 16 50 60 40 60 5 6 2
16 32 5 60 20 40 4 5 1
64 128 5 60 40 150 4 6 2
8 128 50 60 20 40 6 5 3
8 32 50 60 100 150 3 7 1
16 128 50 60 20 100 8 2 3
16 128 5 20 20 100 7 3 3
8 32 20 60 20 100 8 2 6
8 64 50 120 60 150 5 4 2
4 8 5 20 40 100 5 3 6
8 32 50 60 40 60 6 5 6
16 64 50 60 60 150 7 3 3
32 128 5 60 20 40 3 3 4
4 8 5 120 20 60 8 2 6
8 16 50 120 40 60 6 6 2
4 32 5 120 20 150 8 7 2
4 64 5 20 100 150 3 6 6
16 64 20 60 100 150 4 6 6
16 128 20 60 20 150 3 5 2
4 64 5 20 20 60 6 5 6
8 64 50 120 20 100 5 3 6
8 16 20 60 20 40 5 5 2
8 128 80 120 20 150 4 6 3
32 64 20 120 20 40 8 5 6
8 128 50 120 40 150 5 2 1
8 64 50 120 20 100 3 5 6
4 16 5 20 20 100 4 4 6
4 128 20 60 60 100 7 6 6
16 128 50 60 40 60 3 7 4
16 128 5 10 20 60 8 5 6
64 128 5 10 60 100 6 6 2
8 64 5 20 100 150 4 5 5
16 32 5 20 60 150 3 4 5
64 128 5 60 40 100 7 6 3
4 16 5 10 20 60 5 3 2
4 16 50 60 40 60 8 5 1
16 64 20 120 20 40 4 2 5
4 16 20 60 40 60 8 5 2
16 64 20 60 20 100 5 4 5
64 128 5 10 100 150 6 7 2
32 128 50 60 60 100 7 3 4
16 32 80 120 100 150 8 2 1
16 32 50 120 60 150 6 4 3
8 16 5 10 20 100 7 5 4
8 128 5 10 40 60 4 5 6
32 128 20 120 20 100 4 4 2
8 16 50 120 40 100 8 6 1
64 128 50 60 40 60 8 2 3
8 128 5 60 60 150 3 5 4
8 32 5 120 20 100 8 3 1
8 32 80 120 20 150 5 3 3
4 128 80 120 20 150 7 5 4
16 64 5 60 20 100 8 3 3
16 128 5 60 60 100 5 7 6
16 128 5 120 60 150 6 5 5
4 32 5 120 40 100 6 7 4
8 128 50 120 60 100 7 5 5
4 64 50 60 20 150 3 4 5
16 128 5 20 100 150 8 7 4
4 16 5 60 60 100 3 7 4
16 64 5 60 20 100 7 7 6
4 8 20 120 20 60 6 6 4
16 128 5 120 100 150 4 5 4
64 128 50 120 20 40 3 5 1
32 64 5 120 40 100 7 2 3
8 32 50 60 20 150 8 3 2
4 8 5 20 20 60 7 2 3
32 64 20 60 60 150 8 5 5
4 64 5 120 60 100 8 4 1
4 8 5 60 40 150 3 2 2
8 128 5 20 20 60 7 2 1
32 64 80 120 40 100 3 2 4
4 16 20 60 20 40 8 3 4
32 128 5 20 20 40 6 7 4
8 32 5 20 40 150 7 4 5
16 64 5 10 60 100 7 7 2
32 64 5 120 20 60 8 6 3
16 64 50 120 40 100 3 5 2
8 128 20 120 40 100 7 5 3
32 128 5 120 20 100 3 7 2
4 128 5 10 20 100 8 7 5
16 128 80 120 20 40 7 7 3
32 64 5 60 20 40 3 6 3
4 8 5 20 60 100 4 4 4
64 128 20 120 40 100 4 5 2
8 16 5 20 20 60 5 2 2
32 128 80 120 40 100 7 3 6
4 16 50 60 100 150 8 5 2
4 8 50 60 40 150 4 6 2
16 64 20 60 40 60 5 2 3
32 64 80 120 40 150 7 3 3
4 32 80 120 20 150 6 4 1
8 128 5 20 40 150 6 2 6
64 128 5 120 40 60 3 6 4
64 128 5 60 100 150 8 3 1
4 8 20 120 40 150 7 6 2
16 128 50 120 40 60 7 2 4
4 64 5 60 20 60 3 7 1
4 16 5 10 60 150 8 2 4
4 8 20 120 20 150 5 5 2
8 16 5 10 40 150 3 6 5
16 128 5 20 40 100 8 6 5
8 32 5 120 60 100 6 2 6
8 32 80 120 40 60 8 7 4
8 32 5 60 20 40 8 5 3
4 32 20 60 40 100 7 4 3
4 32 80 120 20 40 3 5 5
16 64 5 60 20 100 8 7 2
16 64 5 10 100 150 6 7 1
8 32 20 60 20 100 8 3 1
8 64 5 120 60 100 5 4 6
8 16 80 120 20 150 4 5 5
16 128 80 120 20 60 3 7 6
4 128 5 20 20 60 3 6 6
64 128 5 20 40 60 5 6 4
16 32 20 60 40 60 5 3 2
16 64 50 120 40 60 5 3 4
4 128 80 120 60 150 7 6 6
16 64 50 120 60 150 5 5 1
4 8 5 10 20 150 8 2 3
8 128 5 10 60 150 6 6 1
16 128 20 120 20 150 4 7 2
8 128 50 120 20 150 5 7 4
16 32 5 120 100 150 4 6 4
32 128 50 120 20 100 6 2 3
4 16 5 20 60 100 4 6 1
4 32 5 10 20 150 4 3 6
4 16 50 120 40 100 6 7 3
4 128 20 120 100 150 8 3 2
8 64 20 60 20 150 5 5 3
32 128 80 120 20 60 7 7 6
64 128 80 120 40 100 8 2 4
8 64 5 120 20 100 5 5 4
32 64 20 120 40 60 7 4 3
8 32 20 60 100 150 5 6 5
8 16 5 60 100 150 3 6 6
4 32 5 20 40 60 6 2 1
16 64 50 60 20 150 3 7 4
4 128 50 120 20 100 5 5 1
32 64 20 60 40 150 6 3 6
4 32 20 60 20 40 6 5 6
16 32 20 60 40 150 6 5 1
4 128 5 20 20 150 8 2 5
32 64 5 20 20 40 4 5 5
32 64 5 60 60 100 8 6 3
16 64 20 120 20 40 7 4 4
8 32 5 120 40 60 3 3 1
64 128 80 120 20 60 8 5 6
8 128 5 120 40 100 7 5 1
32 128 5 60 60 100 3 3 5
16 32 5 20 20 100 6 4 4
4 64 5 20 100 150 6 5 2
4 32 5 120 40 100 7 5 5
4 8 5 10 20 60 5 5 6
8 32 50 120 100 150 7 2 1
4 64 5 120 40 100 3 3 6
8 16 50 120 40 150 4 6 5
8 32 5 10 60 100 3 3 1
4 32 80 120 100 150 3 2 6
8 64 80 120 60 100 6 7 6
8 128 20 60 40 100 7 5 5
8 128 5 60 20 60 6 2 6
32 128 50 120 60 100 8 7 5
4 32 20 120 40 100 6 7 6
4 32 80 120 20 150 3 7 5
4 16 5 120 20 100 7 2 6
4 32 5 60 60 100 6 3 2
8 64 5 20 60 150 8 2 4
16 128 5 10 20 100 8 2 2
32 64 20 120 20 150 4 2 4
32 128 5 10 60 150 6 2 3
64 128 20 60 40 100 5 7 2
4 32 5 20 20 100 5 3 5
4 8 5 10 20 60 3 4 6
4 8 5 20 40 100 3 5 4
8 128 80 120 60 100 8 4 4
32 128 5 10 40 150 3 6 4
4 128 5 20 60 100 8 4 6
4 64 50 120 20 60 6 6 4
8 64 50 120 40 100 8 5 3
16 128 50 120 40 60 8 6 4
32 128 50 120 20 150 6 3 4
16 64 50 60 60 150 5 4 5
16 64 80 120 40 60 6 7 6
16 32 20 120 40 60 6 6 4
4 128 5 10 40 60 4 2 4
8 32 5 60 100 150 6 4 6
4 8 5 120 40 60 7 6 6
4 64 5 10 100 150 3 5 1
4 8 20 120 40 60 6 7 1
16 128 20 60 100 150 8 5 2
4 8 5 120 40 100 5 4 1
16 32 5 20 20 60 8 5 2
64 128 20 120 40 60 4 3 2
16 128 20 120 40 150 7 6 2
8 32 5 10 60 150 7 3 5
16 128 5 60 60 150 7 3 5
8 128 5 60 100 150 8 4 4
16 64 50 120 40 100 7 5 6
4 16 50 120 60 100 4 2 6
32 64 5 10 100 150 7 2 3
4 32 50 120 100 150 8 3 1
16 32 5 10 20 60 3 7 2
8 128 5 10 40 100 8 7 2
4 16 5 20 60 150 5 5 1
16 64 5 120 20 100 5 6 1
32 128 50 60 20 100 5 3 6
4 128 5 20 20 100 3 7 5
16 32 20 120 20 40 7 4 6
16 32 50 60 60 150 7 7 2
4 128 20 120 20 100 4 6 3
8 32 5 20 20 40 7 4 5
4 64 80 120 60 100 6 3 5
32 128 5 20 40 60 8 5 4
4 64 20 120 20 60 3 3 1
4 32 20 60 100 150 4 3 5
4 16 50 60 20 40 8 3 6
32 128 5 20 100 150 5 7 6
32 128 50 120 20 40 8 3 1
16 128 5 10 40 150 3 5 1
32 128 5 120 60 150 8 5 6
64 128 80 120 60 100 4 3 3
4 128 50 120 40 150 8 7 6
4 8 5 20 40 60 5 5 3
4 16 50 60 20 150 4 4 1
64 128 50 120 60 100 6 2 2
8 32 5 60 100 150 3 6 1
8 32 20 60 40 100 3 3 4
16 128 50 60 20 40 3 3 2
32 64 80 120 40 100 3 2 4
4 16 5 20 40 150 5 5 6
64 128 20 60 100 150 7 7 5
64 128 20 60 40 60 6 5 2
8 64 50 120 60 150 3 6 4
4 128 50 60 20 150 8 5 6
4 64 5 10 60 150 8 5 5
16 32 80 120 20 100 8 2 6
8 16 5 120 60 100 3 2 2
8 32 5 20 40 150 4 2 5
32 128 20 60 20 100 4 5 2
8 64 50 60 60 150 7 4 4
8 128 20 120 20 60 5 5 1
16 32 5 60 20 40 8 2 2
4 8 5 120 20 150 7 7 6
4 32 5 20 60 150 7 2 2
4 32 5 20 100 150 6 2 2
32 64 20 120 60 100 8 7 6
8 16 5 60 20 40 7 7 3
8 16 80 120 40 150 3 6 5
16 128 5 20 60 100 8 2 3
8 64 5 120 40 100 7 7 5
8 16 50 60 20 100 4 7 3
16 32 50 60 20 100 8 5 3
4 128 50 120 60 100 7 7 5
16 128 5 60 20 60 3 5 4
16 64 20 120 60 100 3 7 6
4 8 50 120 20 150 4 6 3
8 128 80 120 20 100 5 4 6
8 128 80 120 60 100 6 6 1
8 32 5 120 40 100 7 5 4
64 128 20 60 100 150 4 2 2
4 32 50 120 100 150 3 3 4
4 64 5 120 20 150 7 5 4
16 64 50 60 100 150 4 7 2
8 16 5 60 100 150 8 3 5
16 64 5 20 20 100 4 7 1
16 128 20 60 40 100 5 2 6
4 32 5 120 60 150 3 6 5
32 128 50 120 20 100 4 2 4
4 32 5 60 20 100 3 4 3
32 64 5 60 20 100 5 5 5
16 128 20 60 40 150 6 5 6
32 128 5 120 100 150 4 2 3
32 64 5 60 100 150 6 4 5
32 64 20 60 40 100 5 5 6
8 16 5 60 60 100 7 7 2
8 128 5 120 20 60 8 6 5
32 128 5 60 60 100 5 3 5
4 32 50 60 60 150 8 3 6
16 128 5 120 20 100 3 5 6
32 128 5 60 40 60 4 4 4
4 32 5 60 20 100 5 6 2
8 128 5 20 100 150 8 2 6
4 32 5 120 40 100 4 4 5
16 128 20 60 40 100 3 4 3
16 64 5 60 100 150 6 2 4
64 128 20 120 20 150 6 2 5
32 64 50 120 60 150 4 2 2
16 32 20 120 100 150 5 6 2
16 64 50 60 60 100 3 2 5
32 128 5 120 40 100 7 7 6
32 128 50 60 40 150 3 2 3
8 128 50 120 20 40 4 2 6
64 128 5 10 60 100 3 2 3
32 64 5 120 40 100 4 7 3
4 128 20 120 20 40 6 6 2
32 128 80 120 60 100 3 3 2
4 32 50 60 20 100 4 6 1
4 16 20 120 60 100 7 3 2
4 16 5 60 60 100 7 2 3
4 8 50 60 20 60 4 2 4
8 16 20 120 40 100 5 4 2
16 32 20 60 60 100 6 7 3
8 16 5 120 40 150 8 3 2
16 32 80 120 100 150 6 3 2
64 128 50 60 60 100 3 6 2
16 32 5 120 40 60 4 4 3
64 128 5 20 20 60 8 5 2
64 128 5 20 20 40 3 2 3
16 128 50 60 60 100 4 6 2
16 128 20 60 20 100 8 5 3
4 8 5 20 20 100 7 7 1
16 32 5 20 20 60 8 2 3
8 64 20 60 60 150 4 3 3
4 32 5 120 100 150 6 4 3
4 64 50 60 40 100 3 2 4
4 8 50 120 40 150 3 4 4
4 64 20 120 20 100 3 6 4
16 128 80 120 20 40 4 7 5
4 16 5 60 60 100 7 2 4
8 16 5 10 20 60 4 5 6
8 32 5 10 40 60 4 2 4
4 16 5 20 60 150 6 7 5
32 64 50 60 40 150 5 5 4
4 32 80 120 40 100 5 5 2
32 64 5 120 40 150 8 5 4
4 128 5 60 40 150 8 7 5
16 32 5 10 20 40 7 4 5
4 32 50 120 60 150 8 5 2
16 32 80 120 20 40 5 6 3
4 32 80 120 60 100 3 7 2
32 128 20 60 60 100 6 6 3
4 16 50 60 60 150 4 7 6
8 32 80 120 60 150 6 2 3
4 16 50 60 100 150 3 5 3
8 16 5 20 100 150 6 7 4
8 128 5 10 40 100 7 7 5
8 32 5 20 20 40 8 2 6
4 128 5 120 40 150 7 3 2
8 128 80 120 20 150 7 3 6
16 64 80 120 40 100 5 2 2
8 64 80 120 20 40 8 2 1
8 64 5 10 20 100 5 7 5
4 8 80 120 60 150 7 2 1
4 16 20 60 60 150 7 4 6
4 16 50 120 20 60 8 4 5
8 64 50 60 60 150 5 3 2
4 32 50 120 60 100 8 2 2
8 32 5 20 40 60 7 6 5
16 32 50 60 40 60 6 6 6
16 64 20 60 20 150 6 5 3
8 64 50 120 40 150 8 4 1
4 64 20 60 40 60 5 5 4
8 16 5 120 60 150 7 3 2
4 16 5 20 60 100 6 4 5
16 64 5 60 40 150 7 6 5
64 128 5 120 60 100 4 4 3
8 128 20 120 100 150 7 5 3
4 16 5 10 20 100 5 4 3
4 128 5 10 40 60 5 6 2
4 16 5 120 20 60 3 2 5
8 16 50 120 20 150 3 4 6
32 128 5 120 40 60 8 6 5
8 32 5 120 20 40 7 3 1
4 8 5 60 40 100 3 6 6
4 16 50 60 60 100 3 7 6
4 32 5 120 20 100 3 3 2
16 128 80 120 40 150 4 7 5
4 8 5 60 20 40 7 4 3
4 8 50 60 20 150 5 4 5
4 16 5 10 40 100 6 6 4
64 128 80 120 40 60 7 6 1
16 32 5 60 100 150 8 4 6
16 64 5 20 20 60 4 7 6
16 32 5 10 60 150 5 6 4
8 64 5 60 20 60 3 6 2
4 32 5 20 60 100 7 4 2
32 128 5 20 60 100 6 2 6
4 64 20 60 20 40 8 2 1
4 32 5 60 40 100 8 5 5
8 32 50 60 40 150 7 4 2
4 8 50 60 100 150 7 6 4
16 128 5 20 20 100 5 3 3
64 128 20 60 40 150 3 2 6
32 64 50 60 60 150 4 2 6
4 32 80 120 100 150 5 4 6
8 128 20 120 100 150 3 7 2
32 64 5 10 20 40 5 2 5
8 16 5 120 40 150 4 3 1
4 16 5 10 20 60 8 6 3
8 32 5 120 40 100 8 6 2
32 64 50 120 20 40 8 4 3
32 128 5 120 40 60 7 4 2
8 64 80 120 40 100 7 2 4
16 32 80 120 40 100 3 4 1
64 128 5 10 60 150 5 3 3
64 128 50 120 20 60 5 5 2
4 8 80 120 20 60 3 4 6
32 64 5 20 40 100 5 7 2
4 8 20 120 60 150 7 2 1
32 64 80 120 40 60 5 2 2
64 128 20 120 20 60 4 7 2
4 32 20 120 100 150 6 5 1
8 64 5 120 20 100 7 3 2
4 16 5 10 20 100 3 5 5
4 32 50 120 20 60 8 7 6
16 32 20 60 20 100 8 5 3
32 128 50 60 40 60 5 7 3
16 64 20 120 20 150 6 6 4
8 64 80 120 20 60 6 6 6
8 64 20 60 100 150 5 6 6
4 8 50 60 40 100 3 6 4
4 64 50 120 60 100 4 3 4
4 8 5 20 20 60 4 2 1
8 16 5 10 20 100 7 7 6
4 8 5 20 60 150 6 3 1
64 128 5 60 20 100 5 7 2
64 128 50 120 60 100 8 7 5
16 32 20 60 40 150 7 4 1
4 64 50 60 20 40 4 5 1
4 8 50 120 40 150 5 4 1
8 128 80 120 40 60 7 4 2
16 64 20 120 40 100 7 3 6
32 64 5 60 60 150 6 3 1
4 16 20 60 20 60 4 2 2
32 64 80 120 100 150 6 6 6
4 8 5 20 100 150 8 7 5
16 64 80 120 40 150 8 4 4
4 16 5 20 40 60 3 4 3
4 8 5 60 60 100 4 2 2
32 64 5 60 40 60 4 5 3
4 64 80 120 40 60 3 6 5
4 32 80 120 40 60 8 2 4
4 128 50 60 20 100 4 5 4
16 128 20 120 20 100 8 3 5
4 128 20 120 20 100 6 7 2
16 32 20 120 100 150 3 4 2
8 32 5 60 60 150 3 2 3
8 16 5 60 100 150 5 3 5
16 64 20 60 20 100 8 6 1
8 64 50 120 60 150 8 5 4
8 64 50 60 20 150 4 4 4
16 32 20 120 20 150 6 4 4
32 128 20 60 60 150 5 3 5
64 128 5 20 20 150 5 5 6
4 64 50 60 20 40 3 3 3
8 128 80 120 60 100 7 5 5
8 128 5 120 60 150 7 3 6
16 64 5 20 20 40 4 7 6
8 64 80 120 20 40 4 6 3
16 128 5 120 20 150 6 4 3
16 128 80 120 20 40 3 5 4
16 64 20 60 60 100 8 2 4
8 16 20 120 40 60 7 2 2
4 32 50 60 20 40 3 5 1
4 128 50 120 40 60 5 5 1
4 16 80 120 40 100 3 6 4
4 8 5 60 20 100 7 5 4
4 128 20 60 20 100 6 4 5
32 64 5 60 20 40 8 5 1
64 128 20 120 20 60 5 5 2
8 64 20 60 20 150 6 2 3
64 128 50 120 100 150 7 5 5
32 128 20 60 40 60 3 4 2
8 128 20 60 100 150 4 3 3
32 64 50 120 40 100 4 5 5
16 64 80 120 20 150 6 3 1
16 64 5 60 20 60 6 6 6
32 64 50 60 60 150 8 4 4
32 128 5 120 20 40 7 5 1
8 16 5 120 20 150 8 7 5
4 64 20 60 100 150 6 7 5
8 64 5 20 20 60 4 7 5
4 16 5 60 20 100 7 7 6
64 128 5 10 20 100 7 6 1
8 16 5 120 60 150 5 4 6
8 128 5 20 20 100 6 4 6
4 64 20 120 60 150 8 2 3
8 32 20 120 60 150 7 5 2
32 64 5 120 20 60 3 3 1
4 128 20 120 20 100 3 4 4
8 128 20 60 20 60 3 7 4
64 128 5 10 20 60 8 3 3
32 128 50 60 40 150 6 7 5
16 128 20 120 60 150 4 2 5
8 16 5 120 60 100 4 3 5
32 128 50 120 40 150 6 4 3
32 128 5 120 40 100 3 7 4
64 128 50 60 20 150 8 5 1
8 64 5 60 40 150 7 7 2
32 64 20 120 20 60 6 7 2
4 16 80 120 20 60 7 3 5
4 64 5 10 60 150 8 4 1
8 64 5 120 20 100 8 4 4
8 16 50 120 20 150 8 7 1
8 32 5 10 40 60 3 5 6
16 64 80 120 60 150 4 7 6
4 32 5 120 60 150 5 2 6
8 64 50 60 40 60 4 5 4
8 64 80 120 40 150 5 2 4
16 64 5 60 100 150 3 2 1
8 64 50 60 40 60 6 7 1
8 16 20 120 60 100 6 4 5
32 128 80 120 40 100 3 5 4
4 8 20 120 60 150 4 3 3
32 64 5 20 40 100 3 6 1
16 128 50 120 60 150 5 6 1
32 128 5 20 40 60 6 7 6
8 64 5 10 20 150 6 3 3
32 128 5 10 40 150 3 3 2
32 64 20 60 20 60 8 7 5
4 32 80 120 40 100 8 6 5
8 16 20 120 60 100 7 4 5
8 64 80 120 40 60 3 7 5
4 128 5 60 60 150 4 6 5
8 128 5 10 100 150 5 2 6
8 128 5 10 40 100 6 3 1
4 8 5 10 60 150 4 4 2
32 128 50 120 40 150 5 2 3
4 16 20 120 20 60 3 2 2
4 32 5 120 20 60 5 4 6
4 32 5 10 60 100 7 7 5
4 128 5 120 60 150 4 2 1
8 64 5 120 40 60 7 3 3
16 32 50 60 20 60 4 7 6
16 128 5 20 20 150 5 5 4
4 128 5 120 20 100 5 3 1
8 128 50 60 20 60 8 2 3
8 64 20 120 60 100 7 4 3
32 64 5 20 40 60 5 2 3
64 128 20 120 60 150 7 3 3
64 128 20 120 40 150 6 5 2
8 16 50 60 60 100 7 7 2
16 64 5 120 40 150 5 3 1
4 8 5 10 40 150 6 7 5
4 64 5 10 60 150 6 3 3
32 64 5 120 40 60 7 6 2
32 128 5 120 20 150 3 3 6
16 128 20 60 20 150 8 6 1
8 16 5 60 100 150 8 6 3
32 64 80 120 100 150 3 3 6
8 32 50 60 40 100 5 4 6
16 128 5 60 60 150 8 5 6
4 32 20 120 40 150 6 4 1
32 128 5 10 20 40 4 5 1
16 64 80 120 20 150 8 6 6
4 32 80 120 40 150 5 2 5
8 32 20 60 20 100 6 7 2
8 16 20 60 100 150 5 6 5
4 64 5 60 40 100 3 6 3
4 64 5 60 60 100 3 5 1
16 32 5 10 40 60 6 2 1
4 128 20 60 40 60 6 2 1
8 16 20 60 100 150 7 2 5
4 8 50 120 40 150 3 2 1
32 128 20 120 20 60 5 6 2
4 8 20 60 100 150 3 5 3
64 128 20 120 40 150 7 6 3
16 128 5 60 40 60 3 3 2
16 64 50 120 20 40 4 4 3
4 128 20 120 60 100 6 3 1
4 32 5 60 20 150 5 4 4
32 64 5 120 40 150 5 3 2
8 16 5 20 20 40 7 4 2
8 32 5 120 40 100 8 2 3
64 128 5 120 40 100 5 4 6
8 16 5 20 100 150 5 5 6
8 16 5 10 20 60 6 2 5
4 64 5 120 100 150 6 4 1
16 64 50 120 20 100 6 4 3
8 16 20 60 20 150 7 2 3
8 16 5 20 20 60 6 2 4
64 128 5 10 60 100 8 7 5
4 8 50 60 20 40 8 4 5
16 32 5 120 20 150 3 7 2
16 128 5 10 40 150 4 2 1
4 64 50 120 40 150 7 5 4
16 64 50 60 60 100 4 3 5
4 64 20 120 100 150 8 7 3
4 64 50 60 60 100 7 6 4
64 128 80 120 20 150 7 5 4
16 128 5 60 60 150 3 2 4
8 16 5 20 60 100 3 4 1
8 32 20 60 60 100 6 3 2
64 128 20 120 20 40 4 5 6
8 128 20 120 100 150 3 4 6
4 32 80 120 100 150 4 2 4
16 128 50 60 40 150 4 7 5
8 128 5 20 40 60 4 4 2
4 16 5 60 40 60 8 6 4
32 128 5 10 20 40 5 2 1
16 128 50 120 40 100 8 3 3
8 64 50 60 60 150 3 3 3
4 16 80 120 20 150 3 5 3
32 128 20 120 100 150 5 5 1
8 64 20 120 40 150 3 5 3
4 16 20 60 20 40 4 5 5
16 64 5 60 40 150 8 2 1
8 32 5 120 40 150 8 2 3
16 128 5 20 60 100 4 7 5
16 64 5 10 40 100 7 6 2
16 64 20 120 60 150 4 4 5
32 64 20 120 40 60 4 4 4
64 128 20 60 20 40 7 3 4
8 64 5 60 60 100 7 6 5
64 128 5 10 20 60 3 6 6
4 64 5 20 20 150 4 5 1
32 64 5 10 100 150 8 3 6
4 32 5 60 40 100 7 3 3
16 32 5 60 20 100 5 4 4
4 32 50 120 20 100 6 6 1
4 32 5 60 60 100 4 3 6
4 32 50 60 40 150 4 4 5
64 128 5 10 60 100 8 4 5
8 32 20 120 20 60 8 6 1
4 128 80 120 40 100 5 2 6
64 128 20 60 60 150 5 3 2
16 64 20 120 20 100 3 7 5
16 32 5 20 40 100 5 5 5
4 32 50 60 60 100 3 4 1
4 128 5 20 20 40 5 3 6
4 16 80 120 100 150 8 6 3
4 32 50 120 20 60 4 5 4
32 128 20 120 60 150 7 4 5
8 64 50 120 40 100 7 7 2
8 64 5 10 40 150 7 2 4
4 16 50 60 60 150 5 4 2
4 32 80 120 60 100 3 3 2
16 32 5 20 20 40 3 2 6
8 32 5 60 40 60 8 6 1
16 64 5 20 40 100 7 7 5
8 128 50 60 40 60 4 2 3
4 8 20 120 20 100 7 3 2
32 64 5 60 60 150 7 7 2
4 8 5 20 40 60 7 2 3
8 32 50 60 100 150 4 7 1
32 64 20 120 60 100 6 6 5
8 64 5 60 20 60 8 4 1
4 128 50 60 40 60 3 4 2
4 128 20 60 60 100 7 6 5
32 64 5 10 100 150 5 2 3
16 128 5 20 20 150 5 2 3
8 128 5 20 60 150 8 7 3
32 64 5 120 40 100 7 3 4
16 32 50 60 20 100 8 4 6
64 128 20 60 20 150 7 4 2
4 16 50 120 20 40 4 3 3
8 32 80 120 20 150 5 7 4
4 128 50 120 100 150 6 4 3
16 64 50 120 40 100 7 5 3
32 128 50 60 20 100 5 2 3
32 128 20 60 20 150 3 5 1
4 128 5 60 40 100 6 4 4
16 64 5 20 20 100 8 5 3
16 128 5 20 60 150 7 2 4
4 8 5 120 100 150 8 2 5
16 128 50 60 40 60 7 5 5
8 128 5 120 100 150 5 7 6
16 64 5 20 100 150 7 4 5
16 32 20 120 40 100 3 7 2
16 32 20 120 40 100 7 5 1
32 128 50 60 20 150 3 5 3
32 64 50 120 20 40 7 2 5
16 64 50 120 100 150 5 7 2
16 32 5 60 60 100 3 4 4
16 64 5 20 20 100 6 6 2
8 128 5 20 100 150 8 2 1
64 128 20 120 20 100 6 3 6
16 32 80 120 20 100 4 4 1
16 32 5 120 20 40 5 6 2
4 32 20 120 100 150 8 6 2
4 128 50 60 20 150 4 7 6
8 32 20 120 40 100 7 5 4
16 64 50 120 60 150 6 7 4
4 128 5 120 20 150 6 4 4
32 64 5 120 40 100 5 2 4
4 8 50 120 40 100 7 6 1
64 128 20 120 100 150 8 3 5
4 32 5 60 60 150 7 4 3
4 64 5 20 60 100 3 5 2
32 128 5 20 20 150 4 3 6
4 32 50 120 100 150 8 5 4
16 64 20 60 40 100 7 3 6
4 16 50 60 60 100 5 4 6
4 32 50 60 20 60 4 4 2
32 64 50 120 60 150 8 6 2
4 16 80 120 20 150 4 4 6
16 128 20 120 40 150 7 5 6
8 128 50 60 20 150 8 5 3
8 32 20 120 20 40 5 4 2
8 16 50 120 40 100 8 2 1
4 64 20 60 40 100 6 4 2
4 32 5 60 40 100 7 5 2
8 32 5 120 60 100 5 5 2
8 16 50 120 60 150 8 2 4
4 8 20 60 40 60 4 2 3
16 64 80 120 40 100 8 5 5
16 64 5 120 60 150 7 2 5
8 64 5 120 100 150 4 6 1
4 32 50 120 20 100 4 3 3
8 32 5 20 20 60 8 2 4
8 16 5 20 20 100 7 4 6
64 128 20 60 100 150 5 5 3
8 64 5 60 20 150 3 2 1
4 32 20 60 20 100 6 3 5
8 16 50 120 60 100 8 4 1
16 64 5 10 60 100 4 3 5
8 32 80 120 60 100 5 3 6
32 128 20 120 40 100 6 7 5
4 16 20 60 20 40 7 7 2
16 64 5 20 20 100 7 6 4
4 128 5 10 20 150 8 7 5
4 128 50 120 20 150 3 2 3
32 64 5 120 20 60 3 3 3
8 16 20 60 60 150 7 7 3
16 128 50 60 100 150 3 4 4
8 32 20 60 40 100 3 5 5
4 128 50 60 20 100 8 5 3
64 128 20 120 20 60 5 7 1
64 128 20 120 60 150 6 5 1
4 64 20 120 60 150 7 7 5
4 8 5 120 40 100 5 6 4
64 128 50 60 20 100 8 6 4
4 16 20 60 20 100 3 2 5
16 32 5 10 40 60 7 4 1
4 128 5 60 20 150 5 2 2
4 64 80 120 40 60 6 2 4
4 16 5 60 40 150 6 7 4
4 8 20 120 20 40 6 5 3
16 32 5 60 40 100 5 4 6
16 32 5 10 20 100 5 2 3
16 64 5 20 60 100 3 7 5
8 128 50 60 20 40 5 2 2
16 64 50 60 20 150 3 5 1
8 64 5 60 20 100 6 5 5
16 64 20 120 20 150 3 5 4
64 128 5 120 40 100 8 6 4
4 32 50 120 60 150 5 4 5
8 128 20 120 60 100 4 5 4
8 64 50 60 100 150 3 7 2
8 64 5 60 100 150 5 3 4
32 128 5 20 20 150 4 7 6
16 32 5 10 40 100 7 7 4
16 64 50 120 40 100 6 5 2
4 32 5 20 20 60 8 5 1
8 16 5 120 40 150 7 7 6
4 32 20 60 60 150 5 3 4
8 16 20 120 40 60 6 6 5
8 128 20 120 40 60 5 4 2
8 128 20 120 20 40 6 4 5
4 128 5 10 100 150 8 6 5
4 16 5 60 20 100 6 3 2
16 64 5 10 60 100 3 7 1
4 64 5 10 100 150 4 6 5
8 128 5 120 20 150 5 2 6
32 128 5 20 40 150 7 4 2
8 16 5 20 60 150 4 5 6
4 8 5 120 100 150 5 3 6
8 16 80 120 20 60 8 4 5
16 64 5 20 100 150 7 6 2
8 16 5 10 60 100 5 4 6
4 64 80 120 20 100 6 6 4
4 16 50 120 20 40 5 4 4
4 128 50 60 20 100 3 3 6
8 128 20 120 20 100 3 2 3
16 32 5 120 20 100 6 5 3
8 16 80 120 40 150 5 4 4
4 64 50 60 40 150 5 3 3
16 64 50 60 20 150 4 7 5
8 32 5 10 40 60 4 6 5
8 32 20 60 20 60 8 4 1
16 64 5 120 100 150 8 4 6
4 128 5 20 20 100 6 3 3
4 128 50 60 60 150 4 2 3
4 32 5 60 60 100 3 3 5
16 64 80 120 20 100 5 5 1
4 32 20 60 20 100 7 4 6
8 128 50 120 40 150 5 2 3
4 16 20 120 20 40 6 2 1
4 32 80 120 60 100 8 3 6
16 64 50 120 20 60 6 7 1
32 128 50 60 40 100 4 5 5
4 32 50 60 100 150 4 6 3
4 128 5 60 40 100 3 3 5
64 128 20 120 60 100 4 4 6
16 32 5 60 40 150 3 6 3
4 32 80 120 20 100 4 4 1
32 128 5 20 100 150 6 4 2
4 16 5 120 60 100 7 6 2
4 8 50 60 20 100 4 5 3
8 64 5 120 20 150 5 4 5
4 64 5 20 20 40 6 6 1
4 16 80 120 20 150 8 6 2
8 32 5 10 100 150 8 5 4
16 64 5 10 20 40 7 5 1
8 128 20 60 60 150 4 5 4
4 32 50 120 40 100 6 2 2
8 16 5 120 20 40 7 3 1
4 8 20 60 60 150 8 6 2
8 128 5 120 20 150 4 6 2
64 128 50 120 20 100 4 3 2
8 128 50 60 60 100 8 5 5
32 128 5 10 20 40 4 6 1
4 128 5 10 60 150 6 7 6
8 64 5 120 20 60 6 6 4
4 16 5 10 20 40 5 4 1
16 32 5 60 20 60 5 7 4
4 8 5 60 100 150 3 6 4
4 128 50 120 20 60 3 7 5
16 64 80 120 40 60 3 3 5
16 64 80 120 60 100 7 6 2
4 32 50 60 40 60 7 5 2
16 128 5 60 40 150 3 3 3
4 128 5 10 20 100 7 5 1
8 128 20 60 20 60 5 2 1
8 64 5 60 60 100 5 6 2
32 64 80 120 20 40 4 4 3
8 16 5 120 40 150 7 2 5
16 32 5 60 100 150 7 7 5
16 32 20 60 20 100 8 6 4
32 64 50 120 40 60 7 6 2
4 8 50 60 20 60 5 4 1
4 128 50 120 40 100 4 7 6
32 128 20 60 40 100 5 5 6
16 32 5 60 20 60 7 7 3
8 32 50 60 40 100 6 2 5
16 128 50 120 60 100 4 2 3
4 8 5 60 20 100 3 3 4
8 16 5 120 100 150 7 6 2
8 32 80 120 60 150 7 2 2
4 16 5 20 20 100 5 7 1
64 128 80 120 100 150 5 4 1
8 32 5 120 40 60 6 5 6
32 64 5 10 20 60 5 3 3
4 16 20 120 60 100 8 2 5
4 16 5 10 20 40 5 6 1
8 32 20 120 40 60 6 2 6
4 8 20 120 60 100 7 7 3
32 64 80 120 20 60 7 5 5
4 32 5 120 40 100 4 2 1
4 64 50 60 20 40 5 2 1
8 64 50 60 20 100 3 3 4
64 128 80 120 60 150 4 2 1
4 128 50 60 60 100 7 4 3
32 64 20 120 60 150 4 5 4
16 32 80 120 40 100 4 5 5
16 32 20 60 40 150 7 5 6
16 64 50 60 20 40 5 4 5
16 128 20 120 40 100 7 5 2
4 16 5 60 60 100 6 4 3
16 32 20 120 40 60 7 5 6
64 128 5 20 40 100 3 6 3
8 32 5 60 60 100 8 6 6
4 8 50 120 40 150 4 6 5
16 32 20 60 100 150 7 3 4
32 64 5 60 60 150 6 4 1
4 8 50 60 20 60 7 5 4
32 128 80 120 40 60 8 4 2
4 8 5 10 40 60 8 3 6
64 128 20 60 20 100 3 3 4
8 32 50 60 40 100 8 5 3
32 64 80 120 20 40 5 2 1
4 32 5 60 40 60 3 3 5
16 32 20 120 40 100 5 2 1
16 32 50 120 40 100 8 6 3
8 64 5 60 20 60 7 7 5
8 16 50 120 100 150 3 6 3
4 64 5 10 100 150 4 4 5
4 32 50 120 20 100 5 5 6
16 128 20 120 40 60 7 6 5
8 16 20 120 40 60 7 6 3
32 64 80 120 60 100 4 7 2
8 64 5 20 60 100 8 5 2
4 32 5 10 60 100 8 7 5
4 64 20 120 20 150 3 3 1
4 64 50 60 20 100 6 2 1
8 128 5 60 60 150 5 5 5
8 128 20 60 60 150 5 3 4
4 8 20 60 60 150 8 3 5
8 64 20 120 20 150 3 2 1
64 128 50 60 40 100 8 3 4
8 16 20 120 20 100 8 2 4
64 128 20 120 40 100 6 2 5
32 128 50 120 20 150 6 7 5
64 128 20 60 20 150 6 4 1
64 128 5 120 20 40 3 5 2
32 128 5 60 20 150 4 3 5
32 64 50 60 20 100 8 7 3
4 32 5 20 40 60 4 4 3
8 128 5 60 20 150 5 2 3
16 128 5 20 40 60 4 2 1
8 64 5 60 40 60 8 7 2
8 64 50 120 60 100 5 3 4
8 32 5 120 20 60 4 6 4
8 64 20 120 60 100 6 2 4
4 64 20 60 20 100 7 7 5
16 64 20 60 20 100 5 7 5
8 64 5 10 40 60 5 7 3
32 128 5 10 100 150 8 6 5
16 32 20 120 20 60 5 4 2
4 64 5 10 60 100 3 5 3
16 64 5 10 60 150 8 5 4
8 64 20 120 20 100 4 3 5
8 128 50 120 60 100 3 6 1
32 128 20 60 100 150 4 5 2
8 128 5 60 40 60 3 3 4
4 32 5 10 60 150 8 7 2
4 64 50 60 20 60 5 7 1
32 64 20 60 100 150 3 7 1
4 8 5 120 20 100 4 4 4
64 128 50 120 100 150 5 6 1
16 32 5 120 40 150 6 2 5
64 128 5 120 100 150 3 5 3
8 16 5 60 40 150 5 6 5
4 32 80 120 60 150 4 7 6
4 128 20 120 40 100 5 5 2
4 128 80 120 60 100 7 7 5
8 16 5 10 100 150 5 6 3
16 64 20 120 40 100 3 3 6
4 8 5 20 40 60 8 4 2
8 128 20 120 20 150 6 6 4
8 32 5 10 20 60 3 6 6
4 128 80 120 20 150 6 4 6
64 128 5 20 20 40 6 2 5
4 64 5 120 60 100 8 6 3
16 128 5 20 40 150 4 3 1
16 64 50 60 40 150 4 5 3
4 128 80 120 40 150 5 4 4
4 8 20 120 60 100 7 5 4
8 32 50 120 100 150 3 5 6
8 32 50 60 60 100 7 2 1
32 128 5 120 40 60 4 3 3
4 128 50 120 20 150 4 5 4
8 64 5 20 60 150 7 3 1
8 16 5 60 20 60 3 2 5
16 64 50 60 20 60 8 3 3
64 128 50 120 100 150 7 5 5
16 32 20 60 20 40 3 5 3
8 16 50 120 60 150 8 2 6
64 128 5 120 60 100 3 4 4
64 128 50 120 20 100 8 6 1
4 32 80 120 40 100 5 7 3
8 128 20 120 20 40 7 6 6
64 128 5 120 40 150 3 7 3
16 64 5 20 40 150 3 7 6
8 16 5 60 20 150 8 3 2
8 64 50 60 20 40 6 6 3
32 128 5 10 60 100 5 3 3
8 16 50 60 20 40 7 7 3
4 32 5 20 60 150 3 3 5
4 16 5 20 40 100 7 4 2
4 8 80 120 40 150 3 4 6
8 32 5 60 100 150 5 7 5
32 64 5 10 20 150 8 5 4
64 128 5 120 40 100 6 4 6
32 128 5 60 60 150 7 2 1
8 128 5 60 60 100 3 3 5
8 64 50 120 60 100 4 7 4
64 128 5 10 20 60 8 5 2
8 32 20 120 40 100 8 6 1
64 128 5 120 20 60 5 7 1
4 128 5 120 20 150 3 5 4
4 8 50 120 20 40 5 2 6
16 32 5 120 20 150 8 7 1
32 64 5 60 60 150 6 4 5
4 128 80 120 60 150 8 2 2
4 16 50 120 60 150 7 5 1
4 128 5 60 40 150 4 6 1
16 32 5 120 60 150 5 4 3
32 64 50 120 40 100 5 5 2
8 64 20 60 20 100 8 5 4
8 32 80 120 60 150 7 6 1
4 128 50 120 20 40 3 4 5
32 64 20 120 20 150 5 3 1
8 128 50 120 60 150 3 4 3
16 32 5 10 20 40 7 6 1
8 128 5 60 60 100 7 5 4
16 64 20 60 40 60 4 5 3
16 128 50 60 20 60 4 3 1
16 128 20 60 60 150 3 2 1
4 32 20 120 20 60 7 2 1
4 8 5 120 20 40 5 4 1
64 128 80 120 40 150 8 4 3
4 32 20 120 40 60 6 6 5
4 128 80 120 20 100 8 2 3
4 32 20 60 40 100 8 5 4
16 64 20 60 20 40 4 2 4
64 128 5 60 60 150 8 3 4
8 128 5 120 40 150 8 5 6
32 128 20 120 40 60 3 6 1
64 128 5 20 20 60 4 6 6
64 128 50 120 20 150 8 5 1
4 8 5 60 20 150 5 4 6
8 32 80 120 100 150 7 7 2
32 64 20 60 20 150 4 5 4
8 64 5 120 100 150 3 4 2
4 128 5 10 20 100 4 5 4
32 128 5 120 40 150 4 2 3
8 128 5 60 40 100 6 2 2
4 8 50 120 40 60 5 4 5
8 128 50 60 60 150 6 7 3
4 128 20 120 100 150 5 6 5
64 128 20 60 20 150 4 7 1
4 128 50 120 20 150 4 5 2
16 32 20 60 20 100 3 3 2
4 16 80 120 40 100 5 7 5
4 128 5 20 40 100 8 7 3
32 128 5 60 20 100 3 7 6
64 128 50 120 40 60 3 6 4
16 32 50 120 20 150 3 2 3
16 32 5 60 60 100 3 6 6
32 128 5 60 40 100 5 6 1
32 128 5 120 20 150 6 6 5
4 32 20 60 20 40 6 5 6
16 128 20 120 40 60 7 5 4
32 128 50 120 20 60 3 7 6
8 128 80 120 100 150 7 3 6
16 64 20 120 60 150 5 7 4
16 64 50 120 60 100 4 4 5
16 128 5 20 20 100 5 3 3
64 128 5 120 40 100 5 6 5
8 128 50 120 40 100 8 3 1
8 64 20 120 60 150 3 3 6
4 16 50 60 60 150 3 4 4
4 8 20 120 40 150 6 7 5
4 128 5 20 60 150 5 3 3
16 32 50 120 20 60 6 2 5
64 128 5 20 20 100 4 3 3
32 128 50 60 20 40 5 4 3
16 32 5 60 100 150 3 4 6
8 128 20 120 20 150 5 6 2
16 128 80 120 20 40 7 2 3
4 8 50 120 20 150 4 2 2
16 128 5 120 40 100 8 2 3
16 32 20 120 20 150 5 3 3
8 128 5 60 60 150 5 4 3
32 128 5 10 40 100 3 7 6
8 128 5 10 40 100 8 5 4
32 64 20 120 20 150 7 4 4
4 128 20 60 20 100 7 4 3
4 64 80 120 60 100 8 7 2
64 128 5 60 20 60 6 6 6
16 32 5 10 40 100 8 6 1
16 128 50 120 60 150 5 6 1
4 128 5 120 60 100 4 2 1
8 16 20 120 20 100 4 7 4
8 32 20 60 40 60 8 4 2
8 32 80 120 60 100 3 5 4
4 128 20 60 20 100 8 4 5
64 128 5 10 40 150 3 6 1
64 128 5 20 40 150 6 2 3
32 128 5 60 60 100 7 7 2
32 128 80 120 20 60 8 2 2
4 8 80 120 40 100 6 6 1
16 128 20 120 60 100 7 7 3
64 128 5 120 40 100 5 5 4
4 64 5 10 40 60 7 4 4
4 16 50 60 20 100 7 6 1
4 32 5 20 40 150 7 4 4
32 64 20 60 40 60 5 5 3
64 128 80 120 100 150 5 3 5
8 16 20 120 20 40 3 6 4
16 128 5 60 20 40 5 5 6
8 16 80 120 20 150 4 3 3
8 32 50 60 40 150 8 5 4
4 64 50 60 40 150 3 5 3
32 128 5 20 40 150 8 2 3
4 64 5 10 20 100 8 6 3
32 128 20 60 60 100 5 7 1
4 32 80 120 20 40 5 4 2
4 8 5 20 60 150 8 3 2
4 8 5 60 20 150 8 7 2
32 128 5 60 60 150 6 7 6
4 32 5 60 20 40 8 4 1
64 128 20 60 20 150 3 6 4
32 128 20 120 60 100 6 7 2
16 128 20 120 20 40 4 4 2
16 32 5 60 20 100 5 4 4
8 32 20 120 20 100 7 2 5
32 128 5 10 60 150 8 2 1
8 128 80 120 60 100 4 6 3
4 32 80 120 60 150 8 7 4
8 16 5 20 20 40 4 7 2
4 16 5 60 20 100 7 6 2
8 64 50 60 40 150 4 3 4
32 64 20 120 20 150 4 5 3
4 8 80 120 20 40 8 4 4
4 8 5 120 40 60 3 5 1
32 128 20 60 40 60 7 2 4
4 32 80 120 100 150 8 3 1
16 128 5 10 20 60 5 3 2
16 32 20 60 20 40 3 4 2
4 128 5 60 40 150 5 4 5
8 32 50 120 20 60 4 2 1
16 32 5 20 40 100 5 2 5
4 64 20 120 20 40 7 4 6
16 64 5 60 60 100 8 2 1
4 64 20 120 20 150 5 3 3
4 8 5 20 100 150 6 7 4
32 128 5 60 20 100 5 7 1
4 32 50 60 60 150 8 2 4
64 128 5 10 20 100 5 6 4
32 128 5 20 40 60 7 3 6
4 8 50 120 20 100 7 5 1
32 64 5 120 20 60 8 3 1
4 8 5 20 60 150 6 5 6
16 128 5 10 20 150 3 2 3
32 64 20 60 40 60 7 7 5
16 128 50 120 40 100 7 3 3
16 32 50 60 40 60 7 7 3
64 128 50 120 60 150 5 2 4
16 64 5 10 20 150 6 7 4
64 128 5 10 100 150 7 2 1
4 8 5 10 40 150 3 3 5
4 32 5 20 60 150 7 6 6
4 8 5 60 40 150 7 5 5
16 64 20 120 60 100 6 3 5
8 16 50 120 20 100 6 6 4
4 8 5 20 100 150 7 7 4
8 16 80 120 40 60 5 2 4
16 32 5 60 20 60 3 2 4
32 128 5 10 20 100 3 5 6
32 64 50 60 100 150 6 4 5
4 32 5 20 100 150 5 4 5
8 128 50 120 20 150 3 5 5
4 32 5 120 40 60 3 5 3
32 128 5 120 20 40 3 4 4
4 64 5 60 40 150 4 5 1
8 32 5 10 60 150 5 6 6
8 128 20 120 40 60 6 2 1
16 128 20 60 20 150 7 2 1
8 128 80 120 20 40 5 3 4
8 128 80 120 40 100 6 7 4
8 32 5 60 60 150 3 5 1
8 16 5 60 20 60 7 7 1
8 128 5 120 60 150 5 2 5
32 64 5 10 40 100 7 7 6
4 32 80 120 20 60 7 6 4
32 128 5 20 20 60 8 2 4
8 16 80 120 40 150 4 6 6
8 128 20 60 40 150 4 3 3
4 64 20 60 20 60 5 7 3
4 128 50 120 40 60 8 6 2
32 64 5 60 60 100 6 5 4
16 128 20 120 100 150 4 4 3
64 128 5 120 20 100 6 5 1
8 64 5 20 60 100 6 5 1
16 64 5 20 40 60 8 6 4
64 128 80 120 100 150 4 5 4
32 64 5 60 20 60 3 4 4
4 64 5 120 40 150 7 4 4
64 128 20 120 20 150 6 3 4
4 16 50 60 20 150 4 2 3
32 128 5 60 20 100 4 2 4
8 64 80 120 60 150 3 3 3
8 64 80 120 20 100 6 4 3
8 128 5 120 20 100 5 5 5
4 128 80 120 20 150 6 4 6
16 64 20 60 40 100 7 3 3
8 16 5 20 40 100 4 7 2
32 64 20 60 20 40 5 7 2
32 64 5 10 40 60 5 6 2
4 16 5 10 40 100 4 6 1
4 16 50 60 20 60 4 6 3
16 64 80 120 60 100 4 3 6
16 128 50 120 20 60 7 5 4
16 128 80 120 20 60 8 7 5
4 128 20 60 20 40 5 5 2
8 32 5 10 20 60 3 6 2
16 128 20 60 60 150 5 5 4
16 32 80 120 60 150 7 6 3
4 8 50 60 40 60 3 5 3
4 8 50 60 20 60 4 7 6
64 128 20 60 60 150 3 5 2
4 8 5 20 40 100 3 3 3
16 64 5 120 60 150 6 4 6
4 8 20 120 100 150 5 6 1
4 8 50 120 20 40 6 6 4
16 128 50 60 20 100 4 4 4
4 64 50 120 20 150 4 6 6
8 128 80 120 20 60 5 6 1
4 64 5 20 20 40 8 4 4
8 16 20 120 60 150 3 3 5
64 128 80 120 40 60 7 5 1
4 64 5 60 20 100 4 7 2
16 128 5 60 40 60 4 7 2
8 64 5 10 60 150 8 4 6
8 16 5 60 20 100 5 3 6
16 32 5 10 40 150 6 7 2
16 128 5 60 100 150 3 6 3
32 128 20 60 20 60 7 3 6
64 128 20 60 40 150 6 3 1
8 64 50 120 60 100 5 4 5
4 32 5 10 40 100 3 4 2
8 32 5 120 40 150 4 3 6
32 64 80 120 60 150 3 4 1
8 16 50 60 20 100 5 3 5
8 16 80 120 60 150 4 3 4
8 32 20 120 60 150 6 5 3
4 128 20 60 60 150 7 4 5
4 128 5 60 20 40 5 7 2
4 64 50 60 40 60 6 2 6
8 64 5 120 60 100 5 4 6
8 128 20 60 20 100 8 7 4
32 64 5 60 60 150 7 2 3
8 64 50 120 40 100 6 7 5
64 128 20 120 100 150 7 4 4
8 16 5 10 40 60 4 7 3
8 32 5 120 60 100 5 5 5
4 128 5 10 60 100 3 3 6
16 32 50 60 100 150 5 3 1
4 64 5 120 60 150 6 6 1
32 128 80 120 20 100 5 5 4
4 16 50 120 20 60 7 7 3
8 128 50 60 60 100 6 5 2
4 64 50 60 100 150 5 5 5
4 128 5 20 60 100 6 5 3
16 64 20 120 20 60 7 4 6
8 16 5 10 20 60 8 3 3
8 16 5 120 100 150 8 2 5
4 32 5 20 60 100 7 5 2
32 128 20 60 40 150 6 5 4
16 32 20 60 20 100 5 2 5
4 16 5 60 60 100 6 4 3
8 64 5 60 20 40 7 7 1
8 16 20 120 40 150 3 6 3
4 64 5 20 20 40 6 5 5
64 128 50 60 100 150 6 2 2
64 128 50 60 60 100 8 4 5
32 64 80 120 20 60 6 3 5
4 8 5 120 40 150 6 2 3
8 128 20 120 40 60 5 4 4
32 128 5 60 40 150 4 2 1
4 32 50 60 40 100 6 2 6
4 8 20 60 60 150 3 6 1
16 32 80 120 40 100 6 7 4
8 64 50 60 60 100 4 7 5
4 64 5 20 20 150 3 5 4
4 16 20 120 40 150 3 3 5
32 64 80 120 60 150 8 7 4
4 64 5 10 20 100 8 7 6
32 128 5 120 40 100 6 7 6
32 64 20 60 40 60 6 5 6
8 128 5 10 60 150 5 4 5
16 64 80 120 20 40 3 6 5
64 128 50 120 60 150 6 2 2
8 64 5 120 20 40 6 6 6
16 32 5 60 60 150 8 2 1
4 128 5 60 20 100 3 7 1
8 16 20 60 60 100 7 7 4
4 8 20 120 40 100 7 2 2
8 16 5 60 40 60 6 7 6
8 16 5 60 100 150 6 5 2
8 32 20 60 20 150 4 6 4
8 32 80 120 100 150 4 3 6
4 8 5 20 40 60 8 4 5
16 128 5 60 20 100 8 2 2
16 128 5 10 60 100 3 7 6
16 32 5 60 20 150 8 4 1
16 128 80 120 40 150 4 6 2
8 16 50 60 60 150 3 7 5
4 16 5 120 20 60 8 7 6
16 32 5 10 40 60 6 3 5
4 8 50 60 40 60 3 7 6
32 64 5 20 40 150 3 2 5
4 128 5 120 100 150 4 2 6
8 64 20 120 20 60 7 7 1
16 64 80 120 20 150 4 5 1
4 8 50 120 60 100 8 5 3
4 8 5 120 40 100 6 2 2
8 128 5 10 60 100 4 7 3
4 128 20 120 20 40 8 6 1
8 64 50 120 20 150 6 4 6
16 128 20 120 60 100 7 4 1
16 32 50 60 20 40 7 6 4
32 64 5 120 40 60 6 2 4
8 16 80 120 20 150 5 2 2
32 64 80 120 20 40 5 6 6
8 128 20 120 40 150 4 6 4
4 64 20 120 40 60 3 7 3
8 16 5 10 20 100 3 4 4
4 16 80 120 60 100 5 7 1
8 16 5 20 60 100 7 4 2
4 32 80 120 40 150 7 6 4
4 64 20 60 20 150 3 6 5
8 16 80 120 20 150 6 5 2
8 128 50 60 40 150 3 2 1
4 8 5 10 60 150 5 4 6
4 16 50 120 40 150 3 5 6
16 128 80 120 40 150 6 5 5
8 128 5 20 40 150 4 5 6
16 32 20 60 40 100 3 5 3
4 8 5 120 20 60 7 5 3
4 16 50 60 60 150 3 5 1
8 32 20 60 60 100 3 7 2
32 64 5 60 100 150 7 6 2
8 128 50 60 20 40 5 5 6
16 64 5 120 60 150 8 7 3
4 16 5 60 40 60 7 6 5
8 64 5 120 100 150 8 3 1
8 128 50 120 40 60 7 7 5
32 128 20 60 100 150 7 6 3
4 16 50 60 20 40 8 4 3
16 32 20 60 20 150 7 3 4
16 128 20 60 20 40 3 4 3
8 128 80 120 60 150 6 6 3
8 16 50 60 20 100 7 2 2
16 128 20 60 20 100 3 5 1
16 32 50 60 40 100 5 2 1
4 8 20 60 60 150 3 6 6
4 8 5 60 60 150 6 3 1
16 32 20 120 40 100 8 4 1
8 128 5 10 60 100 7 6 4
4 128 50 60 40 150 6 5 2
64 128 5 20 40 100 4 6 6
8 64 20 60 40 60 8 4 6
32 128 20 120 20 150 5 5 5
16 64 50 120 40 60 7 4 1
4 32 20 120 20 60 3 5 4
32 64 20 120 40 150 5 4 2
4 16 80 120 40 150 4 6 2
64 128 5 20 60 150 3 6 5
8 32 80 120 60 100 8 5 5
4 8 5 10 20 150 6 3 2
8 16 50 120 40 100 7 7 6
32 128 5 120 20 150 4 2 4
4 16 20 60 100 150 5 4 4
64 128 5 60 40 150 5 2 5
8 32 20 60 100 150 3 5 1
32 64 80 120 20 40 4 5 2
4 16 5 60 100 150 3 4 4
32 128 5 20 20 150 8 4 2
16 32 20 60 20 60 5 6 1
32 128 50 60 60 150 6 3 2
8 128 80 120 100 150 8 7 5
8 16 50 120 100 150 6 5 1
16 64 80 120 20 60 7 6 2
64 128 80 120 20 40 8 6 1
8 128 5 120 40 60 5 6 5
8 16 5 120 20 150 7 3 5
4 64 5 60 40 150 7 6 3
4 8 5 20 40 60 5 5 5
32 128 20 120 60 150 4 2 3
16 64 50 120 60 150 3 7 3
4 16 80 120 20 60 3 2 3
8 32 20 60 40 100 3 4 2
4 16 80 120 40 100 5 3 4
8 32 5 20 40 100 3 4 2
8 128 5 10 20 150 8 6 2
4 32 20 120 60 150 6 2 4
32 128 80 120 60 150 8 5 5
4 16 80 120 20 40 7 4 5
64 128 50 60 20 40 8 4 2
32 64 5 20 20 40 6 3 1
16 64 5 10 20 60 6 2 1
4 8 5 10 100 150 6 5 6
8 32 50 60 20 100 7 2 1
4 32 20 60 20 60 8 5 2
4 64 80 120 20 40 5 3 3
16 32 50 60 40 150 6 3 2
4 16 5 60 20 40 4 6 6
8 32 5 20 40 150 4 5 5
8 32 5 60 40 100 7 6 6
4 32 80 120 20 40 7 6 4
4 8 50 120 100 150 6 3 5
4 16 5 10 20 100 4 7 1
4 8 80 120 20 40 6 4 3
16 128 5 60 20 100 6 3 4
4 32 50 60 20 40 5 4 1
16 128 80 120 40 150 5 4 5
4 64 5 10 20 40 3 5 1
32 128 20 60 20 40 4 6 1
16 128 20 60 40 100 6 5 6
4 16 5 10 40 60 6 7 1
8 128 5 60 40 60 5 7 4
8 64 20 60 60 150 8 7 3
16 128 50 60 40 60 7 6 3
16 32 80 120 40 60 7 4 2
32 64 50 120 100 150 3 7 2
8 128 5 120 20 40 7 2 2
16 32 5 20 40 100 6 7 1
8 32 5 20 60 150 5 2 6
8 16 20 120 100 150 6 5 3
4 16 50 60 40 100 7 4 1
4 64 80 120 40 100 7 4 3
8 64 50 120 40 150 7 7 5
32 128 20 60 20 100 8 7 6
4 32 5 120 40 100 5 3 2
4 64 50 60 20 100 3 4 4
32 128 5 60 20 40 5 5 2
4 64 50 60 60 100 8 5 6
8 32 5 20 20 100 8 3 1
16 128 80 120 20 150 6 4 3
16 64 50 120 40 150 7 4 4
64 128 20 120 40 100 4 3 1
4 64 20 60 60 150 6 4 1
8 128 5 20 60 150 8 7 4
16 128 5 20 60 100 8 2 5
16 32 5 20 100 150 7 4 4
64 128 20 120 60 100 6 7 2
16 64 5 120 20 150 8 4 4
8 64 50 60 60 100 8 2 3
4 64 5 120 20 100 5 7 1
8 16 50 60 60 100 4 4 1
8 32 20 60 20 150 5 7 5
16 64 20 120 60 100 7 4 1
32 128 5 60 100 150 6 3 1
32 128 80 120 20 150 3 7 1
8 64 5 20 60 150 8 3 5
16 32 50 120 40 60 6 7 2
32 128 20 120 40 100 3 3 3
8 32 5 10 40 60 8 4 5
8 32 20 60 100 150 4 5 4
64 128 5 20 20 150 3 7 5
16 32 5 10 20 40 3 4 5
16 64 20 60 100 150 8 2 5
16 128 80 120 20 60 3 5 5
32 64 5 60 40 60 3 5 3
8 16 50 60 40 60 6 5 3
4 32 5 10 60 100 8 2 3
8 32 5 10 20 100 5 4 4
32 64 20 120 100 150 8 3 3
4 64 20 120 100 150 3 5 1
8 64 5 20 20 150 6 5 5
32 128 20 60 40 60 4 5 3
64 128 50 120 60 150 6 6 1
16 128 50 60 20 60 8 3 6
8 16 50 120 100 150 4 7 3
16 64 20 120 20 60 6 2 4
64 128 20 60 40 100 5 2 1
16 128 5 10 60 100 3 7 1
4 128 5 60 20 100 4 6 3
4 64 5 120 40 150 8 4 3
8 128 5 20 20 100 6 3 5
16 64 5 20 40 100 5 5 2
8 128 80 120 40 60 3 6 4
8 32 20 120 60 150 3 5 6
8 64 5 10 40 150 5 4 4
16 32 50 60 20 40 6 5 3
16 128 5 60 40 100 5 2 5
32 64 5 10 20 150 7 5 2
16 64 20 60 20 60 3 2 5
16 64 20 120 20 60 3 6 4
16 64 5 10 40 60 5 4 3
8 128 80 120 40 150 6 2 3
16 32 5 10 20 40 4 4 4
4 64 20 60 20 100 6 2 3
8 128 20 60 40 100 8 6 6
4 16 5 120 40 100 8 6 3
16 32 5 120 20 40 8 4 4
8 16 80 120 20 150 3 6 5
4 64 80 120 20 150 4 5 3
16 32 20 120 20 100 5 7 1
4 16 50 60 20 150 7 6 4
8 64 20 60 20 100 5 6 3
8 128 5 20 20 60 7 3 1
4 32 80 120 100 150 8 6 6
4 8 20 60 20 150 4 6 1
8 64 20 120 60 150 3 3 6
4 8 5 60 100 150 6 4 3
32 64 20 120 40 60 4 3 5
4 8 5 120 100 150 8 2 5
8 128 50 120 40 100 3 7 1
32 64 50 120 20 40 8 7 1
16 32 80 120 40 60 5 3 1
16 64 20 60 20 60 5 7 6
8 32 50 60 40 150 3 4 2
16 32 20 60 20 150 8 6 3
8 32 5 60 60 100 3 7 4
8 128 20 120 40 60 6 4 6
8 16 50 60 20 150 5 2 5
4 64 5 20 40 60 5 6 3
4 8 50 60 20 100 6 4 4
4 8 50 120 40 150 5 3 4
16 64 50 120 20 100 6 4 4
32 64 50 60 20 150 5 7 4
32 128 50 60 20 40 3 5 6
8 128 5 120 20 60 4 2 6
4 64 5 20 20 40 6 2 3
64 128 5 20 20 60 5 4 2
4 8 50 120 20 100 5 6 2
8 128 20 60 60 150 5 7 5
8 32 5 10 20 40 5 6 6
8 32 5 10 20 150 4 6 5
16 64 50 60 40 100 3 7 3
8 16 5 20 60 100 6 6 3
32 64 50 120 40 60 4 2 6
4 8 20 120 100 150 8 5 4
8 32 50 60 20 100 3 4 5
8 32 50 60 20 60 5 2 2
8 64 5 60 60 150 8 3 4
16 32 20 120 60 150 5 7 5
32 128 20 60 20 150 6 3 6
32 64 5 20 20 60 6 7 5
4 64 5 10 60 150 4 5 3
8 32 20 60 40 60 8 3 6
32 64 50 60 40 150 5 5 1
8 32 5 10 40 60 6 6 2
4 64 80 120 60 100 6 3 1
8 64 5 20 20 40 7 7 2
4 16 20 120 60 100 7 3 2
32 64 5 20 20 150 5 3 6
32 128 5 120 100 150 7 3 4
64 128 20 60 60 150 3 3 6
32 128 5 60 100 150 6 4 4
8 16 5 10 20 60 6 3 3
4 16 5 120 20 100 7 5 1
4 8 5 60 40 150 7 6 3
4 32 50 120 20 40 3 2 2
64 128 80 120 20 40 7 4 4
8 32 20 120 20 60 7 3 6
8 64 20 60 40 100 7 4 4
8 128 5 120 40 60 6 7 4
32 128 5 10 100 150 3 6 3
8 64 20 120 40 60 5 4 3
4 32 80 120 20 60 3 4 6
4 128 20 120 60 100 8 7 5
16 128 5 120 60 100 3 6 3
8 32 20 120 40 100 7 3 3
8 16 5 20 60 100 6 6 1
8 64 5 120 20 40 4 2 2
8 64 5 120 20 40 6 6 2
4 8 20 60 40 60 3 3 5
64 128 50 120 20 150 3 2 6
64 128 50 120 60 150 5 6 4
32 128 5 120 100 150 3 7 5
32 64 5 10 20 40 5 2 4
16 128 50 120 20 60 5 5 4
4 64 5 20 40 60 3 7 4
8 128 20 60 100 150 6 4 4
16 64 20 120 40 100 5 6 5
4 32 5 120 40 100 3 3 2
64 128 20 60 40 150 7 5 1
4 16 50 60 40 150 3 6 4
8 64 50 60 60 150 5 2 1
8 32 5 20 20 100 6 5 1
8 128 20 120 40 100 6 2 2
4 32 5 120 20 150 8 4 3
8 128 5 10 20 40 3 7 4
8 16 80 120 40 150 7 3 1
32 64 20 120 40 150 8 6 4
16 32 5 20 20 60 3 6 3
8 64 5 120 40 150 8 3 5
16 128 5 120 40 150 7 3 5
16 32 80 120 20 60 6 5 4
16 32 50 60 40 150 7 6 1
16 128 5 10 40 60 3 6 3
4 16 5 120 20 60 7 7 1
16 64 5 60 20 100 8 5 4
16 128 5 20 40 100 4 3 3
4 64 80 120 100 150 5 2 1
16 128 50 120 60 150 7 6 3
64 128 80 120 40 60 5 4 1
4 32 50 120 100 150 4 4 2
8 16 5 60 20 150 3 5 1
4 128 50 60 60 150 5 6 4
8 64 20 60 40 100 5 4 5
32 64 5 120 60 100 4 6 6
32 128 5 10 20 60 7 4 3
4 8 50 60 60 150 4 7 1
16 32 5 120 100 150 7 3 3
8 16 5 10 40 150 3 2 4
32 128 5 60 100 150 5 7 5
8 16 5 60 20 60 5 3 4
4 8 50 60 20 150 6 5 1
16 32 5 120 20 150 4 7 2
8 16 5 10 20 60 3 5 4
32 64 5 60 60 100 3 7 1
4 64 50 120 40 100 4 3 2
4 64 20 120 20 40 4 7 2
32 128 50 120 20 60 3 7 3
64 128 5 20 100 150 3 4 5
16 64 50 120 40 100 3 5 1
4 128 5 20 60 100 4 3 2
16 64 20 60 20 100 5 3 6
32 128 5 20 20 150 7 3 5
4 16 50 120 60 150 5 6 5
4 64 80 120 20 100 5 6 6
16 64 20 120 20 150 4 3 1
8 128 5 120 40 60 5 7 6
4 16 5 20 20 150 8 5 2
4 16 5 120 60 150 3 2 2
16 64 5 20 40 60 8 6 6
32 128 20 60 60 100 8 5 2
8 16 5 120 60 100 7 6 6
8 64 5 20 40 150 6 5 3
4 8 80 120 100 150 7 2 4
8 64 5 120 20 150 5 4 3
16 64 5 120 20 60 4 3 2
16 128 5 20 60 150 8 3 4
32 128 5 120 100 150 8 6 1
8 16 50 60 60 150 5 5 5
16 64 5 60 20 150 7 7 5
32 128 20 60 40 60 6 5 4
8 32 5 120 20 150 4 5 6
8 64 5 20 100 150 5 3 1
4 128 20 120 40 100 5 7 3
4 128 5 60 40 100 5 2 2
8 32 5 20 40 150 3 3 6
4 128 5 10 40 100 3 2 1
4 16 5 20 40 60 3 3 3
16 128 50 120 20 40 3 4 2
8 32 5 60 60 150 3 6 6
4 16 5 120 100 150 6 4 6
32 64 5 10 100 150 4 3 4
16 64 50 120 20 60 7 3 6
32 128 50 60 20 150 3 7 4
8 64 5 60 40 100 6 5 1
4 16 50 120 40 100 6 3 2
4 16 50 60 20 40 8 6 6
8 128 5 60 20 100 7 6 2
4 128 5 10 60 100 7 4 3
32 64 5 60 20 150 5 2 6
4 128 50 60 60 100 7 2 4
16 32 50 60 20 150 5 3 3
16 128 20 60 40 60 5 5 2
16 32 20 120 60 150 6 3 4
64 128 80 120 20 60 6 5 1
8 16 20 60 100 150 4 4 3
8 128 5 60 20 150 3 4 6
8 64 50 120 40 100 3 2 1
8 16 5 120 40 150 6 6 2
8 64 50 60 40 100 8 3 6
8 32 5 10 60 100 6 5 2
4 8 20 120 40 100 5 4 3
16 128 5 10 60 150 4 3 2
32 64 5 10 40 60 5 6 6
8 32 5 10 20 150 5 5 4
8 128 5 60 20 150 5 4 2
64 128 20 60 20 100 7 3 6
64 128 80 120 20 150 4 3 6
4 64 5 60 60 100 3 3 5
16 128 50 120 100 150 8 2 2
4 32 20 60 20 60 6 6 2
16 128 5 10 20 40 6 3 6
4 16 20 60 20 150 7 3 4
64 128 5 120 40 100 6 6 5
8 64 50 120 20 60 4 6 6
8 16 20 120 60 100 7 5 2
64 128 50 120 40 60 5 5 6
16 32 20 60 60 150 8 4 1
16 128 5 20 40 60 8 5 3
4 32 5 60 20 60 5 5 1
4 8 5 120 20 150 8 2 5
8 128 5 60 20 60 3 3 3
32 128 80 120 20 60 3 7 1
8 16 50 60 20 100 8 6 4
4 64 50 120 60 150 3 3 5
4 64 20 120 40 60 3 6 6
16 128 20 60 40 100 8 4 2
16 32 5 60 20 150 7 3 3
8 16 5 120 20 40 4 6 6
4 128 50 60 20 150 7 4 4
4 16 5 10 20 150 7 7 6
4 64 50 60 40 100 6 5 2
64 128 5 60 60 100 7 6 3
8 16 5 60 20 40 5 4 1
8 32 20 60 20 40 6 6 1
4 32 20 60 20 40 3 4 3
4 128 80 120 60 100 4 4 2
8 128 20 60 20 60 6 5 1
64 128 5 20 40 150 4 5 6
4 64 50 120 40 60 8 7 5
16 128 50 120 60 150 7 2 2
8 16 5 10 20 100 7 3 2
4 64 50 120 20 40 4 2 4
32 64 50 60 40 60 8 4 4
32 128 80 120 100 150 5 2 1
16 64 5 120 60 100 3 5 5
4 64 5 60 100 150 5 5 1
4 32 20 120 40 150 6 5 6
32 64 5 120 60 150 8 7 3
8 128 5 10 100 150 8 5 3
32 128 5 60 40 150 3 3 3
4 128 5 60 40 100 5 2 6
4 64 5 60 20 150 6 6 4
32 128 80 120 40 60 4 6 6
16 64 80 120 20 150 7 3 5
8 128 5 20 60 100 3 2 6
4 8 5 10 100 150 4 3 3
8 32 5 10 20 40 8 3 1
16 64 20 60 20 100 5 3 6
4 64 5 20 60 150 3 3 6
32 128 80 120 20 100 7 7 3
8 32 20 60 20 150 3 2 2
8 64 20 120 20 100 8 4 3
8 32 50 120 40 150 7 6 2
4 64 5 20 60 100 5 2 5
32 128 5 20 100 150 7 6 6
8 128 20 60 20 40 5 2 1
8 64 5 20 40 150 4 2 6
16 128 5 120 40 150 5 2 5
4 32 20 60 60 100 7 7 3
32 128 20 120 20 100 8 6 1
8 16 5 20 20 100 6 2 3
8 64 5 60 40 150 4 3 1
4 8 5 120 100 150 7 7 1
32 128 5 20 60 150 4 2 3
4 64 5 10 40 60 8 6 2
8 64 50 120 40 60 8 3 3
16 32 80 120 40 100 4 7 2
16 32 20 60 20 100 3 2 2
8 16 5 120 20 100 3 2 2
4 64 5 20 20 40 5 6 2
4 128 80 120 60 100 6 3 3
16 32 50 60 40 100 3 5 1
64 128 50 120 40 60 5 5 1
4 64 5 10 40 100 4 4 3
8 64 5 20 20 150 3 6 2
4 8 50 60 20 150 3 2 6
4 16 5 10 40 100 6 5 4
64 128 50 120 20 150 4 3 2
4 32 20 120 100 150 7 7 6
64 128 5 20 40 60 6 6 4
16 32 5 20 40 150 5 6 1
8 128 20 60 20 100 5 6 1
16 32 5 10 40 100 6 7 2
4 32 20 120 40 60 7 6 1
16 128 20 60 40 150 5 4 2
64 128 5 20 60 150 7 7 4
64 128 5 20 20 40 6 5 5
4 128 80 120 100 150 5 7 6
16 128 80 120 40 60 7 4 4
4 128 20 120 100 150 3 3 6
8 64 5 10 100 150 4 7 3
4 16 5 10 20 100 6 5 2
