500 2 0
4096 600
4 16 2 30 6 5
4 16 2 5 5 3
16 128 2 5 2 6
4 64 2 16 6 4
8 16 2 10 3 4
8 64 5 30 4 2
2 64 16 30 2 1
2 16 2 30 4 2
4 64 2 16 3 1
4 16 2 10 4 3
16 32 16 30 2 6
4 128 5 10 7 4
2 64 2 5 7 5
4 128 2 5 2 6
8 128 5 16 5 5
8 128 5 16 5 3
4 16 16 30 5 2
2 64 10 30 5 3
8 64 2 30 6 1
4 16 5 16 4 6
16 64 5 16 6 5
8 64 2 30 3 3
4 128 2 30 4 1
2 64 2 10 4 5
4 32 16 30 5 2
2 32 2 16 2 3
2 128 2 16 6 1
2 4 10 16 2 1
16 64 10 30 3 1
8 64 16 30 6 3
16 128 2 5 4 1
2 32 5 30 6 3
16 32 2 5 4 5
4 64 10 30 7 4
8 128 2 16 3 5
4 16 16 30 7 1
4 32 2 30 3 1
2 32 5 16 2 3
16 128 2 10 3 4
8 64 10 16 2 6
8 32 5 10 4 6
4 32 5 30 3 2
2 4 2 10 5 1
8 64 5 30 4 6
16 32 2 30 7 4
2 16 5 10 7 5
2 16 2 30 6 4
4 16 2 16 7 6
2 16 2 10 2 3
16 64 16 30 2 2
16 32 2 16 7 2
2 128 5 30 4 5
16 32 2 30 7 3
8 16 2 16 5 6
2 32 2 5 2 5
8 16 2 5 6 1
4 128 10 16 6 6
2 128 2 16 4 5
16 64 10 16 7 4
2 32 2 30 5 2
16 128 5 30 6 3
64 128 2 30 7 3
4 16 5 10 7 6
8 32 10 30 6 4
2 32 5 30 5 3
64 128 16 30 2 3
4 16 2 5 2 5
2 16 10 30 4 4
8 128 16 30 7 5
2 4 2 5 6 5
8 64 2 30 3 1
4 32 5 10 3 4
2 16 2 16 7 1
2 128 2 30 4 4
2 32 2 10 3 1
4 128 5 16 4 4
8 64 5 30 3 6
4 32 16 30 7 3
4 64 2 10 3 6
8 64 2 5 4 4
8 128 2 5 2 1
8 64 5 10 7 3
2 64 10 30 7 2
16 128 2 10 2 1
64 128 10 30 6 5
8 128 2 16 6 3
4 16 5 10 4 5
64 128 2 30 5 1
4 64 5 10 7 1
2 32 10 30 3 1
64 128 10 30 6 4
2 64 5 30 5 5
2 128 10 16 6 2
8 64 5 16 4 5
2 128 10 30 6 6
2 16 16 30 4 5
64 128 10 30 6 2
16 32 5 16 4 1
8 128 2 30 6 3
16 64 5 30 2 4
16 32 10 16 5 2
16 128 10 30 4 1
4 128 5 16 3 6
8 32 16 30 6 4
4 128 2 5 7 5
2 128 2 10 2 3
16 32 2 5 2 1
2 16 5 10 7 2
16 128 2 10 3 3
8 64 2 30 5 5
8 16 2 5 7 1
2 4 10 16 4 5
64 128 2 5 2 1
16 128 2 5 4 5
8 16 5 10 6 4
4 128 5 10 6 4
16 32 2 30 6 4
4 32 2 5 3 1
8 64 5 16 2 5
4 16 5 30 2 5
8 32 5 30 2 1
2 16 2 30 6 5
2 32 5 30 4 3
16 128 5 30 4 3
16 64 10 30 6 1
4 64 5 30 6 3
2 32 2 10 4 5
8 32 2 10 2 1
2 64 5 16 4 2
8 32 16 30 3 6
2 4 5 30 4 3
8 64 2 16 6 6
2 4 2 16 5 3
16 128 2 10 4 6
8 32 5 10 7 6
16 64 2 30 2 6
2 4 10 30 5 3
2 64 2 10 7 6
2 64 10 16 4 1
2 128 2 16 7 4
4 32 2 16 3 3
2 128 5 30 5 6
8 16 2 30 5 6
8 128 2 30 2 4
4 32 5 10 2 3
2 16 5 16 4 3
2 32 2 10 6 1
4 16 2 30 4 4
2 64 16 30 4 5
2 4 5 16 7 6
8 16 5 16 3 1
2 32 5 10 2 1
4 16 10 30 4 3
8 64 2 10 4 6
4 64 5 10 4 5
16 128 5 30 4 2
4 64 2 10 6 3
2 32 2 5 7 4
8 128 2 10 7 3
8 16 2 30 2 6
8 128 10 30 7 6
8 128 2 16 5 4
4 128 5 10 5 3
16 128 2 16 2 4
4 128 2 5 6 2
4 16 10 30 4 1
4 64 2 30 3 2
4 16 16 30 7 4
16 64 5 30 3 2
2 64 16 30 6 2
16 64 10 30 7 6
2 32 2 30 2 6
8 16 10 30 6 6
2 32 2 16 7 1
2 4 16 30 7 3
2 64 5 10 2 5
2 64 2 30 7 5
16 64 5 30 4 2
8 32 5 30 7 1
4 32 16 30 4 6
2 4 16 30 3 1
2 16 10 16 3 4
4 16 2 10 5 5
16 128 16 30 6 1
2 4 10 16 3 5
2 128 2 30 2 4
16 64 5 16 3 4
8 64 2 10 7 4
64 128 5 16 7 2
8 32 2 30 2 4
2 128 2 30 6 1
2 4 10 16 5 1
8 64 10 16 5 6
4 128 2 5 4 1
16 32 5 30 7 3
2 4 2 5 7 5
8 16 5 30 2 2
2 32 2 16 4 3
16 32 5 30 6 3
16 128 5 30 7 4
64 128 10 16 7 3
16 32 5 30 5 1
8 64 10 30 7 4
2 16 5 10 3 4
2 64 2 16 5 4
2 64 2 5 3 4
8 16 5 30 4 5
2 32 2 10 2 3
2 128 2 10 6 2
4 128 5 16 2 3
4 32 5 16 7 3
64 128 2 10 6 1
4 128 5 16 2 3
4 32 5 16 4 4
2 64 10 30 7 4
16 64 5 16 7 3
16 32 2 16 7 5
4 128 2 5 7 6
8 64 2 16 3 2
4 32 2 10 4 3
2 64 2 30 2 4
2 16 5 30 2 5
16 32 10 16 7 3
4 32 5 16 3 1
8 128 2 10 3 4
16 32 16 30 5 4
2 128 16 30 3 1
8 128 5 10 5 4
4 128 2 30 4 2
16 64 10 30 5 5
4 64 16 30 7 4
64 128 5 10 3 4
4 32 10 16 4 2
2 16 2 5 3 6
2 4 5 16 4 6
2 64 2 16 2 4
16 32 2 16 2 4
16 64 5 30 3 4
16 32 2 10 5 4
2 32 2 10 6 4
16 32 2 5 3 6
8 16 10 16 2 3
2 64 5 30 6 4
4 128 10 30 7 3
2 32 5 16 3 6
2 64 2 16 6 4
8 128 2 10 5 1
8 32 5 16 3 1
8 16 5 10 6 6
8 64 5 10 4 3
8 16 10 30 4 1
8 32 2 10 5 4
4 64 10 16 5 6
16 64 2 30 7 2
4 32 10 30 7 1
2 64 2 10 2 5
2 4 16 30 2 3
16 32 10 16 7 4
4 16 16 30 3 4
2 4 10 30 6 6
2 64 5 30 5 3
4 64 10 30 6 4
2 64 5 30 2 2
4 128 10 16 6 1
16 64 2 16 5 6
8 64 5 16 7 1
16 128 5 10 2 3
16 128 2 30 7 5
8 16 2 5 3 1
8 128 2 16 6 1
2 128 10 16 2 2
4 64 5 10 4 3
8 64 2 5 5 6
8 128 5 30 2 6
2 32 2 30 5 3
2 32 2 30 2 3
8 32 5 16 6 1
8 64 2 30 7 2
16 128 5 10 7 1
2 64 2 10 5 5
4 64 2 10 4 1
4 16 16 30 7 6
4 16 2 16 3 1
64 128 2 10 2 6
4 32 2 10 4 6
2 16 5 10 3 4
8 64 5 10 7 3
2 32 10 30 3 5
4 64 2 5 3 2
2 64 16 30 5 4
8 16 2 5 3 1
64 128 5 30 7 4
4 32 10 30 3 1
2 128 5 30 3 3
4 128 16 30 2 5
2 32 10 30 7 6
16 64 2 16 2 3
2 16 10 16 5 5
4 64 16 30 6 6
16 32 5 10 4 2
4 64 5 16 2 3
8 32 2 16 2 1
2 64 10 30 4 6
8 32 5 10 7 2
4 32 2 10 5 1
64 128 2 5 5 4
2 16 2 16 4 5
16 32 16 30 4 6
2 4 5 16 5 4
4 16 2 16 4 1
2 16 5 16 4 1
64 128 5 30 5 2
8 32 5 30 7 1
8 128 16 30 5 4
64 128 2 30 6 2
2 128 2 10 2 2
8 64 10 30 5 4
2 128 10 16 6 5
8 32 2 30 4 2
8 16 5 16 2 3
4 64 2 10 2 5
8 64 10 30 3 6
8 64 10 16 7 5
4 128 5 16 3 1
64 128 5 30 2 2
8 64 10 30 5 5
2 64 5 10 7 2
4 128 2 5 7 2
8 32 10 16 7 2
16 64 5 16 3 6
2 32 10 16 2 4
8 16 5 16 2 2
2 16 2 16 7 6
2 16 5 30 6 1
8 16 5 10 6 2
16 32 10 16 4 1
2 4 2 5 4 2
4 16 5 16 6 1
2 16 2 10 4 5
2 32 10 16 2 5
4 64 2 10 2 3
16 128 2 5 7 6
2 4 2 5 5 3
8 32 2 10 4 3
8 32 2 5 3 1
64 128 10 30 3 3
4 32 10 30 7 2
16 128 5 10 2 3
8 128 2 5 6 4
4 128 5 16 6 4
4 128 10 16 5 4
2 32 2 16 7 4
2 64 2 30 3 5
8 16 2 10 4 3
4 16 2 5 5 6
16 32 2 16 2 1
4 16 2 10 3 1
8 128 10 16 6 2
2 32 10 16 5 5
2 16 2 16 2 1
2 128 5 10 4 2
8 128 5 16 4 1
8 64 5 16 2 3
2 128 2 30 7 2
2 4 5 10 2 1
2 64 16 30 7 5
2 32 10 30 5 4
16 64 5 16 3 2
64 128 5 10 4 2
4 64 2 5 6 3
2 16 2 16 7 6
8 16 10 16 4 4
4 32 2 5 2 1
16 64 2 10 6 5
2 64 16 30 7 5
4 32 2 5 2 2
4 32 16 30 3 5
2 128 10 16 2 1
4 16 2 30 4 5
2 32 2 10 3 6
8 128 2 16 6 2
2 16 2 30 6 1
2 4 16 30 5 2
64 128 2 5 2 5
16 64 10 30 7 5
8 64 2 10 2 6
64 128 2 16 3 4
8 32 2 16 6 2
2 4 10 30 4 5
8 128 16 30 3 4
8 16 2 5 2 3
2 16 10 16 4 3
4 64 2 5 5 5
8 64 10 16 5 3
16 128 2 16 3 6
16 32 10 16 7 5
8 128 5 10 4 6
4 32 2 30 5 4
2 4 10 16 5 5
16 32 2 30 6 4
2 16 2 10 2 2
2 4 10 30 5 5
16 64 16 30 3 6
8 64 10 16 6 4
8 16 2 10 4 3
8 128 2 30 4 1
2 4 2 10 6 3
2 16 10 30 6 2
16 128 2 16 4 1
4 64 16 30 6 3
8 16 2 30 7 3
2 16 10 30 6 5
4 32 2 16 2 5
4 32 2 16 3 3
2 32 16 30 4 3
64 128 10 30 6 3
2 128 10 30 4 2
4 64 5 10 7 5
8 32 2 16 6 3
2 16 2 5 3 3
8 128 2 30 3 6
2 64 16 30 5 4
16 128 2 30 6 2
2 128 5 10 3 4
8 32 5 10 5 6
16 64 2 5 2 3
8 128 2 5 5 6
16 128 16 30 4 6
2 128 5 16 5 4
16 128 5 16 2 3
4 64 10 16 2 4
2 32 16 30 7 2
2 128 16 30 2 6
16 32 2 16 2 5
8 128 10 30 3 4
2 64 10 30 7 3
8 128 10 16 5 1
4 128 10 30 5 6
2 64 5 16 6 1
4 32 16 30 5 6
8 64 5 30 5 2
16 128 2 16 7 5
64 128 2 16 4 6
8 32 10 30 2 2
8 32 5 10 4 5
8 32 5 16 4 1
4 128 5 10 2 3
4 16 2 16 5 5
16 64 10 30 5 2
64 128 2 10 4 1
4 128 2 5 6 1
4 32 5 16 3 5
16 128 2 10 5 3
2 4 5 16 2 5
2 4 10 16 7 5
2 64 2 10 5 1
2 16 5 10 7 1
4 32 16 30 3 2
2 128 5 10 2 4
64 128 5 30 6 6
8 32 2 10 2 5
4 16 10 16 4 2
2 4 5 30 2 1
2 16 2 10 4 1
8 64 10 30 7 1
8 64 10 16 6 2
2 4 2 5 5 5
64 128 10 16 2 5
2 32 5 16 2 6
16 128 2 5 5 4
4 32 2 5 3 4
2 64 5 30 2 2
16 128 10 30 7 5
2 128 5 10 5 4
2 16 2 16 2 3
8 128 5 16 4 2
8 128 10 30 4 6
2 16 5 10 7 1
16 32 2 10 3 5
8 16 2 16 7 6
16 128 10 30 7 6
2 64 10 30 7 5
2 16 5 30 4 2
8 64 10 16 5 6
2 4 10 16 2 1
8 64 2 16 2 3
4 32 2 30 5 2
2 4 5 16 6 6
4 128 10 16 5 4
8 32 2 16 4 1
4 128 2 16 6 4
64 128 2 5 4 4
8 64 16 30 5 5
16 128 5 10 3 6
16 32 5 30 6 1
16 128 2 5 5 4
16 32 2 30 3 3
16 64 5 16 4 6
4 64 5 10 4 6
8 16 16 30 2 6
