400 2 0
4096 600
8 128 10 60 5 5
8 16 10 20 4 2
2 32 10 20 4 3
2 32 10 60 7 5
64 128 4 60 4 3
2 32 4 20 3 4
2 32 4 60 7 3
2 4 2 10 5 6
4 16 20 60 4 6
8 32 4 60 5 6
4 16 2 10 3 7
64 128 10 20 5 2
2 4 4 10 4 6
2 128 4 10 6 4
4 32 10 60 3 6
4 128 4 10 2 3
2 32 20 30 2 7
2 16 4 30 6 3
4 128 10 20 7 6
2 32 4 10 3 6
2 16 10 60 7 4
32 128 4 10 4 6
64 128 2 20 5 3
4 16 10 20 6 4
2 4 2 60 3 3
2 128 4 20 2 6
8 16 4 30 6 7
2 128 10 60 7 2
8 32 2 20 2 4
2 4 20 30 2 4
4 32 4 60 7 3
2 128 4 10 5 4
4 32 4 20 3 4
4 128 2 30 7 2
8 128 2 10 5 5
8 128 2 30 3 2
4 32 4 20 4 7
8 128 20 60 2 7
2 32 20 30 3 7
32 128 4 20 2 4
2 4 2 20 2 7
4 128 20 60 7 4
4 32 2 10 7 7
8 32 2 60 5 3
8 128 20 30 2 7
2 128 4 10 5 6
4 16 20 60 3 7
2 16 2 30 6 3
2 4 2 30 6 5
4 16 2 30 4 5
4 16 10 60 6 5
8 32 4 60 6 3
4 16 2 10 2 7
32 128 4 30 6 3
4 16 4 60 5 3
2 128 4 30 3 7
4 32 2 60 2 4
4 128 4 10 6 5
8 32 4 20 5 3
8 128 4 60 3 2
32 128 20 30 7 6
4 32 20 60 4 2
8 16 20 60 2 4
4 128 10 60 3 7
2 16 2 60 6 4
8 32 10 30 3 3
8 32 10 30 7 6
2 4 2 10 3 5
4 32 10 20 3 3
4 32 10 20 7 7
32 128 20 30 4 3
8 32 10 20 6 3
8 128 2 30 5 3
8 128 2 20 3 7
8 16 10 60 6 5
4 16 20 60 5 2
4 32 10 20 5 3
2 128 2 20 7 5
8 32 10 60 6 7
32 128 10 30 3 3
2 128 4 60 4 5
2 128 2 20 7 6
2 16 4 30 2 2
8 128 10 20 6 5
4 128 4 30 2 3
4 128 4 10 3 2
2 32 10 30 2 3
4 128 4 10 7 5
2 32 10 20 5 5
8 16 4 10 4 2
4 32 2 20 7 4
8 128 2 30 3 7
32 128 2 10 4 3
4 128 4 30 7 3
8 16 10 60 6 3
4 16 2 10 4 5
2 4 4 20 7 6
2 128 10 20 7 3
32 128 4 60 2 7
8 128 2 10 2 7
2 128 2 10 4 3
4 16 4 60 4 5
4 128 20 30 3 3
32 128 2 20 6 2
2 16 2 20 2 5
8 16 20 30 4 5
2 4 20 60 7 3
2 128 4 60 5 4
4 128 4 10 6 7
32 128 20 30 4 2
4 32 10 20 5 2
64 128 2 60 2 3
2 4 4 30 5 3
4 32 4 10 2 5
4 128 4 30 7 3
2 32 4 20 2 7
8 32 4 60 5 5
2 4 4 60 2 3
4 32 20 60 2 5
4 32 2 60 5 7
2 4 10 60 2 6
4 32 4 10 2 6
32 128 10 60 4 2
4 32 4 10 7 4
32 128 2 20 3 5
64 128 20 60 5 2
64 128 20 60 6 2
8 16 20 60 6 5
32 128 10 20 6 3
32 128 2 30 3 3
8 32 10 20 4 5
2 4 2 10 4 2
8 128 4 20 7 4
64 128 4 30 5 5
8 32 4 30 5 5
2 4 2 60 5 4
8 128 10 60 5 5
8 128 4 30 6 5
32 128 10 30 6 7
64 128 20 60 3 5
2 4 10 20 2 4
4 16 4 20 6 2
2 16 4 10 3 6
2 16 20 60 6 4
2 16 10 30 2 4
32 128 4 10 2 3
2 128 4 10 7 5
4 16 10 20 2 3
2 128 20 60 2 7
2 4 2 30 5 5
8 128 2 30 2 6
2 32 4 10 4 6
4 16 4 10 3 2
8 16 10 60 6 4
4 128 2 20 5 5
64 128 10 20 2 7
4 128 2 10 4 3
4 128 4 20 5 3
8 32 4 10 7 2
4 32 20 60 2 6
8 128 10 20 5 3
2 16 4 60 5 4
4 32 10 30 4 6
2 32 10 20 7 6
64 128 2 30 2 3
4 32 10 30 2 7
2 4 2 10 4 3
2 4 4 10 3 6
32 128 2 60 3 4
8 128 10 60 7 6
2 4 4 10 3 7
2 32 2 60 4 5
32 128 4 10 7 5
4 16 20 60 2 4
4 32 10 30 7 2
2 128 20 60 5 6
4 32 10 60 4 7
2 32 2 30 6 7
2 4 2 20 2 5
4 128 2 60 3 4
2 32 4 10 6 7
64 128 20 30 4 5
2 128 4 60 6 7
4 128 4 20 7 5
8 32 2 60 5 2
4 16 4 20 3 6
2 16 20 30 4 2
8 16 2 20 7 7
2 16 20 30 4 5
8 16 2 30 4 6
2 32 4 10 4 6
2 32 2 30 5 4
2 16 10 20 2 6
64 128 4 30 4 3
4 16 2 10 5 4
2 4 2 30 7 5
32 128 10 30 2 6
8 128 2 30 6 2
8 16 4 30 5 5
2 32 2 30 3 5
8 16 20 30 5 3
2 4 20 60 5 5
64 128 2 30 3 4
2 4 10 30 4 4
4 32 2 30 4 6
8 128 4 20 7 3
8 16 4 20 2 2
8 16 10 60 2 5
4 16 2 10 4 6
2 16 4 30 3 4
2 32 20 60 4 3
2 32 20 60 6 6
2 32 2 60 4 4
8 32 2 60 6 4
4 128 2 60 2 6
8 16 20 60 7 3
4 32 10 20 3 4
64 128 4 30 7 7
2 32 2 20 2 2
8 32 10 20 7 7
8 16 10 20 6 6
2 128 4 60 7 2
2 128 4 20 7 6
4 16 10 20 4 6
4 128 2 20 7 3
8 32 4 10 7 5
4 16 20 60 3 2
4 128 20 60 2 6
4 16 20 30 7 4
8 128 20 30 3 5
64 128 4 60 6 3
8 128 10 30 6 2
32 128 2 10 6 6
8 128 10 20 5 5
8 16 10 20 3 7
8 32 4 30 2 3
4 128 4 60 5 2
4 128 10 30 7 2
2 4 20 60 2 2
4 16 2 60 5 6
2 4 10 30 3 3
64 128 4 60 5 2
8 32 10 30 7 4
64 128 10 30 7 5
4 16 10 30 5 6
2 128 2 30 7 3
2 16 2 10 2 7
4 16 20 60 6 6
2 16 4 60 4 2
64 128 2 30 7 7
4 128 2 20 6 6
4 32 20 60 4 2
8 32 2 60 3 7
4 32 10 20 7 3
32 128 4 10 6 3
32 128 10 30 4 5
32 128 4 30 4 6
2 32 2 10 4 4
2 4 4 20 7 2
64 128 20 60 3 5
32 128 20 60 4 5
4 32 20 60 6 2
2 4 20 30 2 4
2 128 10 30 7 7
4 128 20 30 7 4
2 128 2 20 4 2
8 128 20 60 3 7
2 16 4 20 7 2
8 128 10 20 7 6
2 4 2 30 5 3
32 128 2 60 2 4
4 16 4 20 4 5
4 128 4 20 3 5
2 16 4 30 3 6
2 32 4 60 6 3
8 128 4 60 2 5
2 128 2 10 7 7
4 128 4 60 4 3
32 128 4 10 4 5
4 128 10 20 7 3
8 128 20 60 2 6
4 32 2 30 4 5
2 16 4 10 3 2
2 32 2 10 3 5
2 128 4 10 7 6
2 128 4 30 7 3
2 32 20 60 6 5
2 128 2 20 6 3
4 16 20 60 6 4
2 128 10 20 4 4
2 4 10 60 2 2
8 128 20 30 5 4
4 32 4 20 5 3
4 32 4 60 7 5
32 128 2 60 4 2
8 128 2 60 3 6
8 16 4 10 7 4
8 16 2 60 3 2
8 32 10 60 4 2
2 16 2 60 5 6
4 16 4 30 2 7
8 32 10 30 6 2
64 128 4 30 7 5
8 128 2 60 7 5
32 128 10 30 2 3
2 16 10 60 7 7
32 128 4 30 6 7
4 128 2 20 7 2
2 128 20 60 6 3
2 4 4 30 3 4
64 128 2 60 7 4
4 32 10 30 7 4
8 16 20 60 3 6
4 128 10 20 7 5
8 16 2 30 4 6
2 128 20 30 7 2
8 128 20 60 5 3
8 32 4 60 6 4
8 32 2 60 4 4
8 32 4 10 3 7
32 128 2 10 7 4
8 32 4 10 3 6
8 32 2 10 4 3
64 128 4 30 3 7
2 32 4 20 3 3
2 32 2 30 3 3
8 32 4 60 5 6
2 128 4 20 2 6
2 16 4 30 4 7
32 128 20 60 7 6
8 16 10 20 6 2
2 128 2 60 3 4
2 4 10 30 7 5
8 128 4 10 3 2
8 128 20 60 7 2
8 16 2 10 4 4
4 128 4 30 4 4
4 16 4 20 4 5
8 128 2 30 2 2
2 16 10 30 3 5
4 16 2 30 2 2
64 128 10 30 4 6
4 32 2 60 6 7
8 16 2 30 7 4
4 128 20 30 2 3
2 128 4 10 2 3
8 16 10 60 5 6
8 128 4 30 7 2
8 16 10 30 5 7
64 128 2 20 5 5
4 128 2 30 6 7
4 32 2 30 2 2
8 16 4 10 2 3
2 16 10 20 2 5
8 16 4 30 2 3
4 16 2 30 4 7
8 32 20 60 7 5
4 128 4 30 7 2
4 32 10 60 5 5
2 128 2 20 6 7
4 32 2 30 2 4
4 16 10 30 7 7
8 32 4 30 2 6
64 128 2 60 6 2
4 32 4 60 7 3
64 128 4 30 7 3
4 16 4 30 4 2
32 128 4 60 5 7
64 128 20 60 4 7
8 32 4 30 3 4
2 16 4 30 6 4
64 128 4 20 2 5
4 16 10 20 7 6
64 128 20 60 3 5
32 128 4 10 3 6
8 16 4 10 6 7
64 128 2 20 3 3
4 32 4 10 7 2
2 32 4 20 6 3
2 16 4 20 6 5
32 128 4 20 4 6
2 128 4 60 7 2
32 128 4 30 5 6
2 128 20 60 5 3
8 32 2 10 3 6
8 32 2 10 6 6
2 128 10 30 6 2
4 16 2 30 2 3
4 16 20 30 7 6
8 16 2 60 2 5
4 32 4 60 2 7
2 4 4 10 2 4
64 128 2 10 2 3
64 128 10 30 3 5
32 128 4 20 4 6
4 128 10 60 2 4
2 32 10 20 2 7
4 32 10 30 6 4
8 16 20 60 6 7
2 32 20 60 5 7
