100 3 0
512 64 100
16 64 4 12 5 15 2 4 2
4 64 1 8 5 15 6 4 3
8 128 4 12 10 20 5 6 6
4 128 2 6 15 40 5 3 6
32 64 4 8 10 20 5 3 4
16 128 4 6 10 15 5 6 3
8 32 2 6 15 40 6 6 4
32 64 1 8 10 40 6 4 5
16 128 4 6 15 40 4 5 6
8 32 2 4 15 40 3 5 2
4 16 6 8 5 40 2 8 5
8 128 6 8 5 15 6 4 5
4 16 2 12 20 40 6 3 3
4 64 2 6 10 40 2 4 6
8 128 1 6 5 10 3 5 5
4 32 1 8 5 15 3 5 4
16 64 4 12 5 10 1 8 7
4 64 6 16 10 40 6 5 6
16 32 8 16 20 40 1 6 2
4 16 6 16 10 40 6 5 6
8 16 4 8 15 20 2 6 5
4 16 4 6 15 40 1 5 3
4 32 4 16 15 20 1 7 3
16 64 4 6 10 20 5 6 7
16 32 4 8 10 40 2 8 6
8 128 2 16 10 20 2 5 5
16 128 1 8 5 20 6 8 4
16 64 2 16 10 15 2 8 4
8 128 1 8 10 40 5 6 3
8 64 1 6 5 40 5 7 6
8 16 2 12 10 20 3 6 4
16 64 4 8 5 15 6 8 7
16 32 4 6 15 20 4 4 6
32 128 4 12 5 20 1 5 3
32 128 2 6 10 40 3 4 6
8 128 1 12 10 15 6 7 4
8 16 2 4 10 20 1 5 2
16 32 6 16 5 10 4 5 6
4 32 4 8 10 40 4 4 3
32 64 1 8 10 40 2 6 2
32 128 1 8 5 40 4 3 3
4 16 1 6 5 10 4 7 6
8 128 4 6 15 20 3 7 3
4 128 4 12 10 20 2 8 7
8 128 8 12 15 40 3 5 5
4 32 1 12 15 20 3 7 5
8 128 6 12 5 10 5 5 5
8 128 4 16 5 40 3 8 6
4 32 1 6 15 20 5 6 5
8 64 6 8 10 15 1 7 7
8 32 4 16 5 40 4 3 5
4 128 1 6 20 40 1 7 3
4 128 1 6 20 40 1 3 4
16 128 6 16 15 20 5 4 4
16 32 6 16 10 40 5 3 5
4 128 6 12 5 40 3 7 7
16 128 1 16 10 40 3 6 5
32 128 2 6 20 40 4 4 2
4 128 6 16 10 15 5 3 3
8 128 1 4 5 10 5 4 5
4 32 1 16 15 20 6 3 2
8 32 4 16 5 40 6 8 5
16 32 2 4 15 40 5 6 5
4 128 1 12 5 40 2 6 4
32 64 2 4 20 40 3 7 4
8 128 1 16 10 20 2 4 6
4 32 8 12 5 40 4 5 2
4 64 6 8 5 20 3 7 3
8 64 2 8 5 15 4 5 7
4 16 2 4 15 20 2 3 2
16 128 2 16 5 40 5 3 3
16 64 4 16 10 40 6 5 3
4 32 1 4 5 40 3 4 7
8 32 2 12 15 40 2 5 4
8 32 8 12 5 20 1 8 6
8 128 8 16 10 15 6 5 5
4 32 1 12 10 15 4 7 3
4 16 4 6 15 40 3 5 3
32 128 2 8 5 40 2 4 7
8 128 4 8 10 20 2 8 6
16 64 1 16 5 15 2 3 7
8 32 4 8 15 20 3 5 3
8 128 8 16 5 15 5 8 7
8 64 1 6 20 40 3 7 5
32 64 4 16 5 15 2 3 2
32 128 4 16 10 20 2 3 3
8 64 2 6 15 40 4 3 5
8 128 2 4 15 40 3 8 3
4 16 4 6 10 15 2 6 3
32 64 8 12 5 10 2 3 6
4 32 6 16 5 10 2 6 2
8 64 1 6 10 20 2 3 4
8 32 2 16 5 20 5 8 5
8 128 1 8 10 20 4 7 5
4 64 1 6 15 40 5 3 3
4 64 6 16 5 10 6 6 3
16 128 6 16 5 20 4 7 4
4 64 8 16 5 40 2 3 3
8 32 4 8 15 20 4 5 2
32 64 6 16 15 20 4 3 6
