400 4 0
4096 600 80 50
8 32 2 20 1 10 4 6 6 7 6 3
64 128 4 30 2 6 2 6 4 2 7 2
2 4 4 30 4 10 1 2 3 6 6 6
2 32 4 20 6 10 3 4 5 4 3 5
2 32 10 20 1 4 1 2 2 4 4 3
8 128 2 30 1 4 1 4 7 5 3 1
4 128 4 60 6 12 1 2 7 6 4 3
2 128 2 60 4 6 1 6 7 4 6 2
8 128 2 30 4 6 4 8 6 6 3 5
4 16 20 60 6 10 4 8 5 4 6 6
8 128 2 30 4 10 2 4 4 3 7 6
64 128 10 30 4 10 1 4 5 5 6 1
8 128 4 20 1 10 1 4 4 5 6 6
8 128 4 10 1 4 2 6 4 3 4 5
8 32 20 30 6 10 2 4 6 4 3 5
8 128 2 20 6 10 2 6 4 5 5 6
2 128 4 30 2 6 3 6 2 3 3 5
8 128 4 20 4 12 4 6 7 2 7 4
4 32 2 30 2 12 4 6 2 2 5 1
4 128 10 60 2 10 2 4 4 6 7 3
2 16 10 20 6 10 1 2 7 7 6 4
4 128 2 60 2 6 4 6 3 7 4 5
4 32 20 60 4 12 1 8 5 4 7 2
2 128 2 60 2 10 1 2 4 4 3 1
2 16 10 20 4 6 2 8 3 4 5 2
2 128 4 20 4 6 4 6 2 5 6 6
4 128 4 60 1 12 2 8 4 4 3 4
8 128 20 60 1 12 2 8 2 4 3 4
2 128 2 30 4 10 1 2 7 5 5 6
8 32 2 10 4 12 1 2 5 5 6 3
4 16 4 30 1 4 2 8 6 4 6 1
2 16 2 10 2 4 1 6 6 5 3 5
2 16 4 10 2 12 3 6 4 7 6 1
2 128 2 10 6 12 4 8 7 2 6 6
8 128 4 10 4 6 3 6 3 3 3 2
2 4 2 60 6 10 1 4 6 7 2 1
8 32 2 60 1 4 1 8 3 7 6 2
2 32 4 20 2 4 1 8 3 4 2 5
2 4 4 10 1 4 2 8 6 6 6 4
4 32 20 30 2 4 1 4 5 4 7 2
2 16 4 20 2 12 1 8 5 5 6 6
8 32 10 20 2 12 1 8 2 6 7 3
64 128 4 60 2 4 3 8 7 4 3 5
2 16 2 20 6 12 4 6 4 7 3 3
2 16 20 30 2 12 2 6 5 2 4 3
4 32 2 10 4 12 4 8 6 4 3 4
2 32 10 60 4 12 3 4 3 4 4 6
32 128 2 30 1 4 2 4 3 3 7 3
2 4 2 20 4 10 3 4 7 6 2 2
8 32 10 60 6 12 3 4 7 2 5 1
8 128 4 30 1 6 1 8 3 3 4 6
2 16 20 60 6 10 3 8 4 7 6 3
2 4 2 60 2 6 3 6 4 2 6 3
2 4 10 20 2 4 3 4 6 3 7 6
8 128 4 60 2 12 2 4 3 3 5 3
4 128 2 60 2 12 3 4 4 6 4 5
8 32 4 60 2 12 1 8 2 5 4 2
2 16 2 60 4 10 1 6 6 3 5 5
2 128 4 20 1 12 3 4 2 4 7 4
2 4 10 20 2 10 1 2 5 5 4 4
8 128 2 60 2 12 1 4 3 4 2 3
64 128 4 10 1 10 3 6 3 3 6 4
4 32 20 30 1 10 4 8 5 6 3 4
4 16 2 60 4 10 2 6 5 3 5 1
8 128 10 60 1 4 2 4 3 7 7 6
8 128 4 60 6 12 3 6 3 5 4 2
4 32 2 60 4 12 2 4 4 4 2 6
8 16 4 30 2 12 2 6 4 5 6 3
32 128 2 30 2 6 1 2 2 5 7 6
2 32 2 30 4 6 1 2 5 7 5 1
32 128 10 30 4 10 2 6 2 6 2 6
4 128 20 60 2 6 3 8 3 6 4 4
8 32 20 30 1 4 1 4 3 2 6 4
64 128 20 30 2 4 1 6 7 4 2 4
4 16 20 30 1 12 1 4 4 6 2 2
8 16 2 10 2 10 3 4 4 3 6 4
2 4 10 30 2 6 2 8 3 4 4 4
8 16 4 20 1 6 1 2 4 6 4 1
8 128 2 30 2 10 1 8 2 6 4 4
4 32 10 30 1 10 3 4 4 2 7 4
4 32 2 30 1 4 3 4 4 3 3 1
2 32 2 20 1 10 3 8 4 3 6 6
2 128 10 60 6 10 2 6 4 4 5 3
64 128 2 30 1 12 1 2 6 7 3 5
64 128 4 20 1 12 1 2 6 6 7 2
2 4 20 30 1 12 4 8 2 7 3 3
2 4 2 30 2 12 2 4 2 3 2 6
32 128 4 60 1 4 4 6 3 5 7 2
8 32 10 30 4 10 4 8 4 7 5 1
4 128 4 60 2 4 4 8 7 3 6 1
8 32 2 30 2 12 1 6 7 2 3 1
4 128 2 20 4 12 1 2 6 7 6 3
2 128 10 20 1 10 3 8 3 4 2 3
2 32 10 30 1 4 4 8 5 7 3 1
2 128 10 60 1 12 3 6 6 4 2 6
32 128 2 20 4 6 2 6 4 6 2 3
4 128 4 20 1 4 1 2 7 3 7 2
2 128 4 20 4 10 2 8 2 2 7 5
8 16 2 30 2 10 1 4 6 6 6 3
4 128 2 10 1 6 1 2 4 7 4 6
4 16 2 60 4 10 3 8 7 4 7 5
8 128 10 20 1 6 4 8 3 7 2 4
2 16 4 30 4 12 1 2 5 7 7 2
64 128 10 60 4 12 3 8 7 5 2 5
2 4 20 60 2 12 2 6 6 4 6 1
4 16 10 20 2 4 1 8 2 6 7 1
2 32 10 60 6 10 1 6 5 7 3 1
8 32 2 20 1 4 4 8 4 2 6 4
32 128 2 30 2 12 1 2 3 3 3 6
2 32 4 60 4 10 2 6 4 5 5 2
32 128 4 10 2 4 2 8 6 5 6 5
8 16 4 10 2 12 4 6 5 4 6 1
2 16 2 60 2 4 4 8 6 4 6 5
2 32 2 10 4 12 1 2 4 6 4 1
64 128 2 60 1 12 3 4 5 3 2 3
4 128 4 60 2 6 3 4 5 5 5 6
4 16 4 30 1 10 1 6 3 6 7 6
4 128 4 60 2 6 1 6 6 2 6 3
4 32 20 30 1 6 1 8 5 2 6 1
4 16 2 60 1 4 3 4 5 2 6 4
2 4 10 20 1 10 4 8 5 6 7 6
8 16 10 30 2 4 2 6 6 3 6 1
2 16 4 10 2 10 1 8 7 3 4 2
32 128 10 30 1 6 1 8 4 6 7 4
8 128 2 60 1 4 3 6 7 6 7 3
4 128 2 20 2 6 1 6 3 6 6 1
2 4 2 30 1 6 3 4 7 6 2 1
4 16 4 20 2 6 4 6 5 2 2 1
2 32 2 60 2 6 2 6 6 6 5 2
4 16 2 60 6 12 2 4 6 7 4 5
2 32 2 10 6 12 1 2 7 5 6 4
4 32 10 30 2 10 1 4 7 4 5 6
4 128 20 30 4 6 3 8 2 2 6 2
2 4 4 60 1 4 3 4 5 7 5 2
2 16 20 30 1 4 4 6 2 2 3 3
8 16 4 60 2 4 1 8 3 3 7 4
4 16 4 60 2 10 4 8 3 2 4 4
2 32 10 20 2 4 4 8 4 5 4 6
2 4 2 20 6 12 1 6 6 3 5 2
8 16 10 60 6 10 1 4 5 5 2 5
2 4 2 30 2 12 1 6 7 3 5 2
64 128 4 60 4 10 1 6 4 4 2 6
8 32 2 60 4 6 4 6 2 5 7 3
8 32 4 20 4 10 4 8 7 6 6 3
8 128 10 30 6 12 3 6 2 7 7 3
2 4 10 60 1 6 3 4 4 7 5 5
64 128 2 30 2 6 3 6 5 3 6 6
4 16 10 30 1 12 2 6 7 3 3 5
4 128 2 20 2 12 3 8 6 2 7 3
4 32 2 30 6 12 4 6 2 3 6 3
2 32 2 30 2 12 2 8 3 4 3 6
2 16 2 30 2 10 1 4 7 2 6 4
2 4 4 10 1 10 1 6 3 5 6 1
8 16 4 20 1 12 1 4 6 6 3 5
64 128 10 60 2 12 4 6 7 6 5 5
32 128 4 10 1 10 1 4 4 2 2 3
2 4 2 20 6 12 1 6 3 3 2 3
8 128 4 10 6 12 3 6 5 2 7 4
2 128 20 30 2 12 3 8 4 5 7 6
64 128 4 60 2 4 3 8 4 2 2 1
2 4 2 30 2 6 1 8 2 2 4 1
2 128 4 60 4 12 4 6 4 3 3 5
4 32 2 10 2 4 3 8 4 3 4 4
2 16 20 60 1 4 2 6 7 5 4 4
4 128 10 60 1 6 1 6 7 4 3 3
4 128 4 30 6 10 1 4 7 6 7 4
8 128 2 60 1 4 1 8 6 3 4 4
8 16 10 30 2 4 3 4 3 7 4 1
8 32 20 60 6 10 4 8 3 2 5 1
8 128 10 20 1 6 4 8 2 2 5 3
4 128 10 60 1 4 3 6 6 6 6 4
8 32 20 30 4 10 2 8 3 2 5 5
32 128 20 60 2 12 2 6 2 6 6 2
4 128 4 30 6 10 3 6 3 4 3 6
64 128 20 60 4 10 2 8 7 6 6 3
2 128 4 30 4 12 1 4 5 7 6 4
4 16 20 30 4 12 3 6 3 3 4 4
8 32 4 60 4 6 1 8 3 2 2 1
4 128 4 10 6 10 1 6 2 3 7 1
8 128 4 30 1 12 2 6 5 2 2 4
2 32 2 60 6 12 3 8 5 6 3 4
2 128 4 10 4 12 4 8 2 5 3 6
8 16 20 60 4 10 1 4 2 2 2 5
8 16 10 60 1 12 1 6 3 6 4 2
8 32 20 60 2 10 1 2 3 4 4 3
64 128 2 60 2 4 3 6 4 2 5 3
4 16 2 30 1 12 3 4 5 3 3 2
8 32 4 10 1 12 1 6 5 6 6 3
2 32 20 60 6 12 3 4 2 2 2 6
2 4 4 20 1 10 3 6 3 7 6 6
32 128 10 60 1 4 2 4 4 5 4 4
4 32 2 20 2 10 3 4 5 4 7 2
4 128 2 10 6 10 3 6 2 4 3 6
64 128 2 30 1 6 2 6 7 5 3 3
4 32 2 10 1 6 1 6 6 6 5 6
8 32 4 20 2 4 3 4 7 6 6 4
8 128 2 20 4 6 3 6 5 7 2 2
4 32 20 60 2 10 1 8 5 3 3 6
2 16 4 30 2 4 1 4 7 4 3 3
32 128 2 60 2 12 2 4 3 5 7 5
2 4 20 30 2 4 2 4 7 2 3 4
4 16 10 30 4 12 1 8 7 5 6 3
2 4 10 60 2 4 4 8 6 2 3 2
2 128 4 20 2 6 2 6 6 4 4 6
4 128 2 30 4 10 3 4 7 6 5 3
2 16 2 30 4 6 3 6 3 7 6 1
2 128 20 30 4 6 2 6 4 7 3 1
4 16 2 20 2 6 2 4 2 5 3 6
8 32 10 60 4 6 1 6 5 6 4 3
64 128 10 20 2 4 4 8 7 4 7 3
4 16 10 30 1 10 4 8 2 5 5 5
2 16 20 60 1 4 2 8 7 6 4 4
2 32 4 30 1 4 3 6 2 6 3 2
2 128 4 30 2 4 1 4 2 4 2 2
64 128 4 30 6 12 1 6 6 5 2 2
4 16 10 20 2 12 2 4 7 7 5 2
8 32 20 60 4 6 2 6 4 5 5 5
64 128 2 20 1 6 1 2 2 4 5 5
4 128 4 30 2 12 1 6 3 3 2 5
32 128 2 60 4 12 2 4 2 3 5 4
2 16 4 10 2 10 2 4 2 3 5 2
8 32 10 60 2 10 2 6 7 2 4 3
2 4 2 10 2 4 1 6 2 7 2 1
8 16 2 60 2 4 1 6 5 5 4 6
2 128 20 60 1 4 1 6 4 5 7 5
8 128 2 60 4 6 1 8 6 5 2 1
2 128 4 30 2 10 2 8 6 4 6 2
2 32 4 20 2 10 1 8 2 5 7 5
2 32 10 60 6 10 3 4 5 3 6 5
8 128 10 20 4 10 2 8 2 4 6 1
2 4 4 20 4 10 2 4 5 6 3 3
8 32 20 30 2 6 4 8 5 3 2 3
4 128 4 20 2 6 4 6 7 7 4 2
2 4 10 60 6 10 1 4 4 7 3 4
8 32 2 20 4 10 1 4 2 5 4 5
4 32 4 60 2 10 1 4 5 3 4 6
8 128 4 30 6 10 2 8 6 3 5 5
4 128 2 10 6 12 3 6 2 3 5 4
2 128 10 30 4 6 2 6 4 6 4 1
4 128 4 30 6 10 2 6 2 7 3 5
4 128 4 60 1 4 1 4 2 4 3 4
2 4 2 30 1 6 3 6 4 4 4 3
4 16 2 20 1 4 1 6 7 4 4 4
4 32 10 20 1 6 1 6 3 6 6 4
2 32 2 30 1 4 2 8 2 5 2 1
8 128 10 60 2 4 3 8 4 6 6 2
2 32 10 30 4 6 2 6 3 7 3 6
32 128 20 30 2 4 1 2 6 7 5 3
8 128 10 30 1 12 1 2 4 6 5 5
2 4 4 20 1 4 3 4 5 6 5 3
8 16 4 60 6 12 2 6 5 6 5 3
8 16 20 60 6 12 3 6 5 5 7 2
64 128 4 60 1 10 2 4 3 3 3 6
4 16 10 20 4 12 1 8 3 3 7 4
64 128 10 30 2 6 2 8 6 4 2 5
32 128 20 30 2 4 1 2 7 7 5 6
2 32 10 20 1 12 1 8 7 5 5 6
2 16 4 20 2 12 3 4 5 6 5 5
2 16 2 60 4 6 4 6 3 4 4 4
2 32 4 10 4 10 1 6 7 3 3 1
8 32 4 30 1 10 1 6 4 2 4 1
32 128 4 10 2 6 3 6 7 6 5 6
4 128 4 20 2 6 1 6 6 7 6 4
2 32 4 10 1 4 1 4 4 4 4 4
32 128 2 60 2 6 2 8 6 3 4 2
4 16 4 30 1 10 3 4 4 7 5 5
32 128 10 60 4 10 2 6 4 5 3 6
8 32 10 30 2 6 2 6 7 5 2 1
4 32 2 60 2 6 4 8 4 7 2 1
8 128 20 30 4 10 1 4 6 4 6 6
4 32 10 60 2 12 2 4 2 5 6 1
4 128 10 30 1 10 4 8 5 7 5 6
8 16 2 10 1 4 3 6 4 3 5 3
4 32 10 30 1 4 3 8 5 2 6 2
32 128 10 30 6 10 2 4 6 7 2 1
32 128 2 30 4 12 1 4 5 4 6 4
32 128 4 60 6 10 1 8 7 3 7 5
8 32 4 10 1 10 1 2 2 3 2 4
8 128 4 20 2 10 3 8 3 4 6 1
8 16 20 60 1 4 1 6 4 5 4 2
2 16 10 20 2 12 3 4 4 3 7 6
2 128 4 30 2 12 4 8 4 6 2 1
32 128 10 20 1 4 2 6 7 5 5 2
4 128 4 10 1 12 4 8 7 7 7 1
8 16 4 10 4 10 1 8 6 7 4 1
8 32 2 60 1 6 4 8 3 2 2 4
8 128 20 60 2 6 1 2 7 3 4 2
32 128 10 60 4 12 3 6 7 4 7 2
4 32 10 60 1 10 3 6 3 5 6 4
64 128 2 20 2 10 3 4 2 5 7 2
64 128 2 30 1 4 3 6 6 4 4 4
2 16 2 30 1 6 2 8 3 6 5 3
32 128 20 60 1 10 1 2 3 2 3 2
2 4 2 20 2 4 4 6 2 6 4 3
2 4 4 60 4 10 3 4 6 7 3 6
64 128 20 30 4 12 3 4 3 3 5 5
2 32 20 60 1 6 1 2 6 3 2 2
2 16 2 30 4 6 3 8 6 5 6 4
2 32 2 10 4 6 1 2 3 4 4 2
8 128 2 20 4 12 1 6 4 7 2 1
2 4 2 10 2 6 2 6 3 3 3 5
32 128 4 30 6 12 1 2 6 2 5 5
8 16 2 60 1 4 1 8 2 3 4 2
2 32 2 20 1 12 3 6 6 7 2 1
8 128 10 30 1 6 3 4 2 7 5 4
4 32 20 60 2 10 1 8 6 2 2 2
4 32 4 30 6 12 4 6 3 5 4 5
32 128 2 20 2 4 1 8 4 6 6 3
4 16 10 30 4 12 2 4 4 7 7 3
2 16 20 60 6 12 2 6 4 5 7 5
4 128 20 60 4 6 1 4 4 7 3 1
4 128 2 10 4 10 1 4 4 2 2 6
4 128 2 60 1 4 2 6 2 7 5 1
2 16 2 30 4 12 2 4 5 4 4 2
4 16 4 10 6 10 4 6 4 4 2 3
8 32 2 60 2 6 3 6 2 7 5 5
8 32 4 60 4 6 2 6 5 3 3 5
2 128 20 60 2 6 2 4 5 7 7 2
8 32 20 30 2 10 3 4 4 2 4 1
8 32 20 30 1 10 1 8 7 5 7 2
2 32 10 60 4 10 2 8 7 3 3 2
8 32 10 20 4 12 4 6 4 7 7 5
2 4 4 30 2 6 4 8 3 3 2 3
4 32 4 10 6 10 4 8 3 5 7 2
2 16 20 60 1 10 3 4 7 3 3 3
4 32 20 60 6 12 1 4 7 3 7 3
64 128 20 60 1 10 3 4 2 5 6 2
8 32 4 20 4 12 3 8 6 5 5 3
2 128 4 10 2 12 4 6 5 5 4 4
2 128 4 10 1 4 4 8 4 3 3 4
64 128 4 10 4 6 4 8 3 6 7 2
4 32 10 30 1 10 3 4 3 4 2 2
8 32 2 10 4 6 4 6 6 7 5 3
4 16 2 60 1 4 2 6 3 6 4 5
2 16 10 20 6 10 1 6 6 5 3 1
4 32 20 60 6 12 1 4 2 6 3 1
8 32 4 20 4 10 3 6 3 3 2 1
8 32 20 30 2 12 2 6 4 7 4 3
2 4 2 60 2 4 1 4 6 3 4 4
2 32 10 30 2 6 1 2 2 2 7 2
2 16 2 20 6 10 2 4 2 7 6 6
32 128 10 30 1 12 4 6 6 5 4 3
2 16 4 10 6 10 2 8 5 7 2 1
4 32 2 10 4 6 2 8 5 3 5 5
4 32 2 20 4 12 2 6 2 3 7 6
2 32 2 10 6 12 1 8 4 6 2 3
2 4 10 20 2 4 2 8 6 6 6 6
8 32 20 60 1 10 2 8 4 7 6 2
8 128 2 60 1 4 2 4 7 6 2 5
2 32 10 20 2 12 1 4 7 6 6 6
8 128 2 60 2 6 4 6 5 3 3 2
2 16 2 10 6 10 3 8 4 7 2 6
2 32 2 60 6 10 3 8 4 2 7 6
8 128 10 30 4 10 3 6 3 5 4 6
2 32 2 20 1 6 3 6 7 2 4 1
8 32 4 60 1 10 2 8 5 7 4 3
2 32 10 60 4 12 2 8 4 5 2 4
64 128 4 10 6 12 2 4 2 7 5 1
64 128 4 30 6 10 3 8 2 4 7 2
4 128 2 30 4 10 3 4 4 2 4 6
2 128 2 30 6 10 2 6 4 5 7 2
2 16 2 60 2 4 3 6 2 4 3 2
2 16 2 30 4 10 2 4 2 4 7 2
4 32 10 20 6 12 2 8 6 4 6 4
4 16 2 60 2 6 1 2 3 5 7 3
64 128 10 20 2 4 4 8 5 3 3 4
8 16 10 30 6 12 1 2 7 5 3 4
4 128 4 20 4 10 1 8 5 7 6 6
2 16 10 30 1 12 1 8 4 4 5 1
2 128 2 60 1 10 2 6 3 3 7 3
4 32 2 10 6 10 2 6 4 5 5 3
2 32 2 60 1 10 3 8 6 5 3 4
64 128 20 60 2 6 1 2 5 2 3 4
2 32 10 30 2 12 1 4 7 2 4 1
2 128 2 20 2 12 1 8 2 5 2 2
8 128 4 30 4 12 2 4 2 3 3 2
2 128 10 20 1 12 2 4 5 7 7 1
2 4 10 20 4 6 1 6 4 7 5 6
8 16 10 30 1 4 1 8 4 2 7 3
32 128 20 30 1 10 4 8 4 4 6 1
4 128 4 10 1 6 1 8 6 4 6 1
2 4 4 60 2 4 2 4 7 6 6 2
2 4 2 10 6 12 2 6 2 3 2 3
8 32 20 30 2 4 2 6 7 2 6 3
4 16 4 30 4 6 4 6 6 2 7 6
64 128 4 10 6 12 2 8 5 7 4 1
4 16 10 30 6 12 2 8 5 2 5 2
2 128 10 20 1 10 1 2 5 7 7 3
8 16 4 30 1 4 4 6 5 3 6 4
2 128 4 20 4 10 3 8 7 3 6 6
2 4 4 10 4 6 4 8 3 5 5 6
2 128 2 30 1 12 1 2 7 6 3 3
8 32 2 30 2 4 1 8 7 3 2 2
2 16 2 20 2 4 4 8 2 2 2 4
2 16 4 30 6 10 4 8 2 6 3 4
2 32 10 60 2 10 1 6 7 4 2 2
4 128 2 60 6 10 1 4 7 5 5 2
2 16 4 60 4 12 3 6 5 3 5 1
4 128 4 30 6 12 4 6 5 7 3 1
8 16 4 60 1 12 1 8 4 5 2 1
