100 2 0
512 64
8 128 4 16 3 8
8 64 8 16 2 4
4 128 2 16 2 8
32 128 4 8 4 8
4 16 2 12 1 8
32 64 1 12 5 8
8 128 1 6 4 3
8 128 8 16 1 3
4 128 2 6 4 4
8 16 2 4 6 7
32 64 8 16 2 4
16 32 8 16 4 8
4 128 4 6 4 5
16 32 2 4 2 4
4 128 2 16 2 8
32 128 2 6 6 7
8 64 8 16 2 5
16 128 6 16 3 7
4 128 1 16 3 4
4 32 1 16 4 6
8 64 8 12 5 7
32 64 6 8 1 3
8 32 6 12 1 7
4 16 6 8 5 3
4 128 8 16 5 8
32 128 4 12 6 7
4 64 2 4 2 7
4 16 6 8 5 3
8 16 1 12 4 7
8 128 1 12 1 3
16 32 1 8 1 6
8 64 1 16 5 6
16 128 2 4 5 7
4 64 1 8 3 3
16 64 2 16 3 5
4 64 1 8 5 4
4 64 1 6 4 8
32 64 2 8 2 4
8 128 4 6 1 3
32 128 8 12 1 6
16 32 4 16 2 7
8 16 4 6 3 3
4 128 4 6 1 5
32 64 1 12 2 3
4 32 4 16 4 4
8 64 6 16 4 8
8 32 8 12 1 3
4 128 8 16 6 5
4 128 8 12 2 5
4 16 8 16 5 4
16 32 2 12 6 8
4 128 6 12 2 7
8 16 2 12 6 5
4 32 8 16 3 8
4 128 1 16 4 8
8 128 1 4 6 5
4 64 4 12 2 7
32 64 4 16 3 5
4 32 1 16 4 8
8 16 6 8 5 7
32 64 8 16 1 8
4 32 6 12 4 4
8 32 2 16 5 5
16 64 6 8 6 6
8 32 8 12 6 3
32 128 2 4 1 5
4 32 2 6 4 3
8 64 4 12 5 8
8 16 1 4 3 3
4 32 2 6 3 5
16 128 6 8 6 4
4 64 2 8 5 3
32 64 2 6 3 7
4 32 1 8 4 3
4 16 2 8 2 5
32 128 6 16 1 7
4 128 6 16 6 4
16 32 6 16 3 8
16 128 2 12 3 5
8 16 8 16 3 5
4 128 6 8 2 3
16 64 1 4 5 6
32 64 1 8 2 7
4 32 1 16 3 8
4 64 6 12 3 5
4 16 6 8 6 3
4 16 1 12 6 8
8 16 1 16 2 4
4 32 1 6 5 7
4 128 2 8 2 5
8 64 1 16 6 4
4 16 1 12 1 6
4 128 1 6 4 8
4 16 1 12 1 3
8 16 1 16 6 4
32 128 8 16 5 6
16 128 4 16 2 8
8 128 1 4 3 6
8 16 2 16 2 7
4 128 2 4 1 3
