200 4 0
1024 200 100 60
4 32 10 40 2 20 1 2 5 9 7 4
32 128 10 16 2 10 4 5 7 4 4 4
32 64 16 40 5 10 5 9 2 6 7 3
8 128 20 40 10 20 4 7 4 4 5 1
8 64 20 40 10 20 3 9 7 8 4 5
32 64 8 10 5 15 4 9 3 6 3 3
4 64 8 16 2 5 3 7 5 8 5 4
4 64 8 20 2 15 2 3 3 6 5 1
16 128 20 40 10 20 5 7 6 8 3 5
8 32 16 20 2 20 2 5 4 5 6 1
32 64 10 20 2 10 4 7 6 6 7 3
32 128 8 16 15 20 3 5 6 6 4 3
8 64 10 16 10 20 1 9 6 8 5 3
4 32 8 40 15 20 1 5 2 8 7 4
8 128 8 16 2 10 3 7 6 5 4 4
4 32 10 20 2 5 1 2 6 4 3 2
8 64 8 16 5 10 4 9 2 6 7 3
32 128 8 20 5 15 5 9 5 7 3 5
4 64 8 40 5 20 2 9 3 9 3 2
4 128 20 40 10 20 2 3 4 5 3 5
16 64 8 16 10 20 4 7 6 8 7 4
16 128 8 16 5 10 2 3 4 9 6 5
8 128 20 40 10 15 4 5 2 9 5 3
32 128 10 16 5 10 5 7 4 6 3 5
16 32 10 20 5 15 2 3 5 9 3 2
8 32 8 10 15 20 3 5 5 4 6 2
4 32 20 40 5 10 1 9 5 9 7 3
32 64 10 16 10 15 3 9 6 9 6 3
8 32 8 16 5 10 5 7 5 8 5 3
8 128 8 20 2 20 5 9 3 9 7 5
16 32 16 20 2 15 1 5 4 6 5 3
8 128 8 20 5 20 2 9 7 7 7 3
8 128 16 40 5 20 1 9 7 8 6 5
4 128 20 40 5 20 5 9 2 4 4 5
16 128 16 40 10 20 2 7 4 9 4 1
32 128 20 40 2 5 4 7 7 6 3 5
16 128 16 40 2 15 1 9 7 9 7 1
8 128 8 16 15 20 3 5 4 5 3 5
4 64 8 20 5 15 4 9 5 6 7 2
4 8 8 20 5 20 3 7 4 6 5 1
16 32 8 10 5 10 2 9 5 4 4 1
8 128 20 40 5 15 1 2 2 8 6 1
4 128 20 40 2 15 1 9 6 5 6 4
4 128 10 16 5 15 4 7 5 5 7 1
8 128 10 40 5 10 2 9 7 6 5 2
4 128 8 20 10 15 1 3 7 4 5 2
32 64 10 16 10 15 5 9 3 6 4 1
16 64 8 40 2 15 2 5 5 7 7 2
8 128 10 16 2 20 3 7 2 9 5 5
8 32 16 40 5 10 2 9 3 6 3 1
16 64 10 20 5 15 1 9 5 7 7 3
4 8 8 16 10 15 2 7 2 7 6 4
32 64 8 16 2 20 2 9 5 4 5 2
4 64 10 16 10 15 3 7 3 7 3 2
8 128 10 16 2 5 1 3 5 8 7 5
4 64 8 16 15 20 1 3 6 9 6 5
8 128 10 16 5 10 1 3 6 6 4 1
4 8 10 16 10 20 1 2 2 4 4 2
8 32 8 10 15 20 3 7 2 5 5 2
32 64 8 16 10 15 2 9 7 4 7 1
8 128 8 16 10 20 1 2 6 7 6 5
32 128 8 16 2 5 2 7 6 4 4 5
16 64 8 10 5 10 2 9 4 9 5 5
16 64 10 16 2 20 4 9 3 6 4 5
16 64 10 40 5 15 4 5 2 7 7 3
8 64 10 20 2 10 3 9 5 8 6 3
16 64 20 40 5 20 2 3 5 6 6 4
4 64 10 16 15 20 2 5 6 6 5 4
4 8 10 40 2 10 2 3 3 8 7 1
32 128 8 16 15 20 2 9 2 5 7 4
8 32 8 16 10 20 3 7 5 4 4 2
16 128 10 16 10 20 3 7 5 9 7 4
8 32 10 16 15 20 1 9 5 7 3 3
32 64 8 40 2 10 1 5 2 4 7 3
4 64 8 20 2 15 2 7 5 7 3 4
16 64 16 40 5 10 1 3 5 5 5 3
4 8 10 40 15 20 5 9 3 5 4 5
16 32 8 20 15 20 4 7 7 9 4 1
8 32 8 40 2 5 3 9 2 7 3 1
4 8 8 40 2 10 4 5 2 5 5 5
8 64 16 40 2 5 2 5 4 7 3 5
32 128 16 20 5 10 5 7 6 8 6 5
8 64 10 16 2 5 1 9 5 6 3 1
16 128 10 20 2 5 2 7 2 6 7 5
4 64 10 40 2 15 4 5 7 4 5 3
32 128 20 40 15 20 1 2 4 6 3 4
4 8 20 40 15 20 3 9 5 8 4 1
16 64 10 40 10 15 2 3 6 4 4 5
16 64 8 20 5 10 5 9 6 6 6 1
8 64 8 40 5 10 1 7 3 6 7 4
16 32 10 40 2 10 2 3 2 9 7 4
8 128 20 40 5 15 2 9 2 4 7 5
4 128 10 40 10 20 3 9 2 6 6 4
4 8 10 20 5 15 3 7 7 8 3 5
4 64 10 16 2 10 3 7 6 6 5 5
4 64 8 20 5 15 4 7 6 7 7 3
32 64 10 40 5 15 1 7 7 6 5 1
4 128 8 16 10 20 4 9 4 6 6 3
4 64 8 10 2 5 3 9 3 7 4 4
4 8 10 20 2 5 1 9 6 5 6 2
8 64 20 40 5 20 4 5 4 9 3 1
4 32 10 40 10 20 3 5 4 8 7 4
16 32 10 20 2 15 1 5 5 5 3 2
8 32 10 40 10 15 3 9 4 9 3 4
16 128 16 40 2 5 2 3 5 6 6 2
16 64 8 40 10 20 4 7 7 6 4 4
32 128 8 16 5 20 2 7 5 6 5 5
8 32 10 20 10 15 3 7 3 6 7 2
4 64 16 20 5 20 1 2 4 9 3 4
16 64 20 40 2 20 1 5 7 8 4 4
8 32 8 40 10 15 5 9 2 4 6 4
8 32 8 20 10 15 4 5 7 8 5 2
32 64 16 40 10 15 2 7 5 4 7 1
16 64 16 20 5 10 5 7 4 7 6 4
4 32 8 20 2 10 2 5 5 9 3 2
4 32 8 20 2 10 1 9 6 8 7 1
4 64 10 20 10 15 5 7 5 5 4 4
16 128 10 40 5 10 5 9 4 8 4 2
4 8 10 16 5 10 2 7 7 6 3 4
32 128 10 20 2 10 2 9 7 9 5 4
8 64 8 16 5 20 3 7 3 5 4 4
8 128 10 40 10 15 1 2 7 9 6 5
32 128 10 16 2 5 5 9 4 8 6 1
8 128 8 40 2 10 1 5 4 4 5 4
4 128 16 40 10 20 1 9 4 9 6 1
32 64 8 40 2 20 2 3 7 5 3 4
4 64 20 40 2 10 1 9 5 9 3 5
4 32 10 20 2 5 1 3 4 8 6 1
4 128 8 10 10 20 3 9 6 5 6 2
8 64 10 40 2 10 5 9 2 4 3 4
4 32 10 40 15 20 5 9 2 6 7 4
4 128 8 16 2 15 3 9 6 4 4 1
8 128 20 40 2 15 2 9 2 5 4 5
16 32 10 16 2 20 1 5 7 7 3 5
32 64 20 40 2 5 3 9 7 9 3 2
8 64 8 10 5 15 1 9 4 5 6 2
4 64 10 40 5 20 2 7 6 8 5 2
4 8 16 40 10 20 4 7 6 7 6 3
32 128 8 40 10 20 1 5 6 7 4 3
4 32 8 20 2 15 4 5 7 4 6 1
16 128 16 40 2 10 1 3 3 5 7 1
16 32 20 40 5 20 3 5 4 8 6 1
16 64 8 16 5 15 1 2 3 8 7 5
4 128 8 16 10 15 2 7 2 4 3 4
8 128 10 20 2 20 4 7 2 4 4 1
4 8 8 40 5 20 4 5 5 9 6 4
16 128 10 16 10 20 1 2 7 6 3 2
4 32 8 16 10 15 5 7 3 7 6 3
4 8 16 20 2 20 4 5 2 4 3 1
16 64 20 40 5 10 1 2 5 7 4 2
8 128 8 20 2 15 2 3 3 8 3 5
32 64 8 40 10 15 1 9 2 7 5 5
16 64 8 40 5 20 4 5 2 9 4 4
8 64 16 20 2 10 2 3 5 8 6 1
4 64 8 20 2 10 3 7 4 6 4 1
4 128 16 20 2 20 5 9 2 9 6 4
8 32 16 40 10 20 5 7 4 6 7 4
4 8 10 16 5 15 4 7 6 6 4 3
8 32 16 40 10 15 1 9 5 4 6 4
4 128 8 40 5 10 2 3 6 5 3 4
4 128 8 20 5 15 2 9 6 9 4 5
16 128 8 10 5 20 3 5 7 7 5 2
4 128 16 20 2 20 5 7 2 4 7 1
8 32 16 40 10 20 2 5 4 6 4 3
32 128 16 40 2 20 2 9 7 8 5 1
8 32 8 20 10 20 2 7 7 5 5 1
16 128 8 16 5 10 4 7 7 4 3 5
16 32 10 16 2 15 1 5 6 9 4 2
4 8 20 40 5 20 4 9 6 9 3 1
16 64 10 20 2 20 2 9 5 7 7 4
16 64 20 40 5 20 1 3 4 6 5 5
8 32 10 40 2 20 3 7 7 5 3 1
4 64 20 40 5 15 1 5 6 6 4 2
16 64 10 16 2 5 4 5 3 7 6 1
16 64 8 40 5 10 4 9 3 9 7 4
8 128 20 40 2 5 2 9 2 9 7 3
4 64 10 16 2 15 3 9 4 9 5 5
16 32 10 16 10 15 3 5 3 5 7 2
4 32 8 16 2 10 3 7 6 7 6 1
4 8 8 20 2 20 3 7 3 5 5 5
4 128 8 10 2 10 2 5 2 4 6 1
4 128 8 10 2 15 1 9 2 8 7 5
8 32 16 20 15 20 5 9 5 7 4 4
4 64 16 40 2 20 5 9 2 8 4 5
16 32 10 20 10 20 2 7 3 5 5 1
16 128 10 20 5 15 1 5 4 4 7 2
4 8 16 40 5 15 4 7 2 6 5 5
16 32 8 20 15 20 2 3 3 8 5 5
4 32 20 40 15 20 3 5 7 9 6 5
16 32 10 16 15 20 1 5 5 8 7 5
4 32 16 20 5 20 1 5 4 4 5 1
16 64 8 10 5 20 2 9 3 5 3 4
4 8 8 10 2 5 3 5 5 8 4 5
4 8 8 20 5 20 2 3 6 6 3 4
8 64 20 40 10 20 1 2 6 6 7 3
16 128 16 40 5 15 3 5 7 6 6 5
8 64 8 10 2 5 3 5 5 7 7 2
4 128 10 20 15 20 3 7 3 6 4 1
16 128 16 40 2 5 4 7 4 7 4 3
8 128 8 20 5 20 2 5 3 4 6 1
