300 2 0
2048 400
2 4 20 30 4 8
8 64 20 60 3 6
4 16 20 50 6 5
32 64 2 50 3 3
8 16 10 30 2 8
2 16 30 50 6 8
2 16 20 50 3 7
2 64 20 50 1 7
4 16 30 50 4 4
4 8 30 60 4 3
2 64 10 30 3 6
4 8 2 60 6 3
8 32 2 50 2 8
4 8 10 50 6 4
8 64 10 60 4 6
2 64 20 30 4 3
4 16 30 60 2 3
16 64 2 30 4 8
8 64 10 60 3 7
16 64 20 60 3 7
4 16 2 10 4 3
8 16 2 30 5 7
16 32 2 10 1 5
4 8 10 50 6 6
16 64 10 60 4 6
2 16 2 60 4 5
8 32 2 30 4 8
2 8 2 10 1 8
2 32 10 60 5 3
16 32 2 10 4 3
2 16 2 30 3 3
4 64 2 30 5 6
2 4 2 10 6 8
2 4 20 50 4 3
16 64 2 60 1 4
4 64 10 60 2 7
4 16 10 30 2 3
2 16 2 30 2 8
16 64 2 10 1 7
2 64 2 60 6 4
8 32 20 60 5 5
4 32 10 50 6 4
2 32 20 60 4 5
2 4 30 60 6 6
4 16 30 50 2 6
4 32 10 30 4 8
16 64 2 10 5 7
8 32 30 50 4 5
2 16 10 50 2 7
4 32 30 60 2 6
2 4 2 10 2 4
4 32 2 10 6 8
2 16 10 50 5 6
4 16 20 50 5 8
4 16 10 30 5 3
16 32 10 50 5 7
2 16 2 50 1 6
4 16 2 10 1 6
8 64 20 30 3 8
2 16 10 60 1 4
4 64 20 50 6 3
32 64 20 50 4 5
4 8 2 30 2 3
8 32 30 50 2 4
2 8 10 50 6 7
2 8 2 10 2 7
2 8 30 50 6 3
8 32 10 50 1 5
2 32 2 50 6 8
8 16 30 60 6 3
8 64 20 30 1 5
2 8 10 60 6 3
8 32 30 50 3 3
2 8 2 60 5 8
4 16 2 10 6 5
8 32 2 10 6 6
4 16 20 30 4 5
32 64 20 50 1 5
8 32 20 60 5 3
8 16 2 30 2 7
16 32 10 50 4 5
2 8 10 50 3 8
4 16 30 60 4 4
2 16 30 50 2 3
4 16 20 50 4 5
2 16 20 30 6 5
8 16 20 30 2 7
16 64 2 10 5 7
2 8 2 60 5 7
4 16 2 10 1 5
2 4 10 50 1 8
2 16 2 60 3 5
2 16 20 30 2 4
2 4 20 30 3 8
2 32 20 50 4 3
8 64 20 60 6 6
2 16 10 50 3 7
4 8 10 60 3 4
16 32 20 30 6 4
2 32 2 10 4 7
2 64 2 50 3 5
8 16 10 60 1 3
2 8 2 50 2 6
16 32 2 10 1 5
8 64 10 30 1 6
8 16 30 50 1 8
8 32 30 60 5 6
32 64 10 60 6 7
16 32 2 60 6 6
16 64 10 30 4 8
32 64 10 60 2 4
8 16 30 60 1 3
8 16 20 50 3 3
16 64 20 30 3 4
2 8 20 60 1 3
16 32 2 30 2 6
2 8 10 50 2 6
2 4 30 60 5 4
4 32 2 10 1 4
8 16 2 10 4 3
2 64 20 30 5 8
4 64 10 60 1 4
2 8 20 50 2 5
16 32 10 30 4 4
4 32 2 50 4 6
4 64 20 30 2 7
2 32 10 50 3 4
16 64 10 30 4 5
2 4 20 60 6 7
2 4 10 50 4 8
2 16 10 60 5 7
32 64 30 50 6 5
4 8 10 60 4 8
2 4 20 50 6 4
2 32 10 30 3 3
2 16 10 50 4 6
2 8 20 30 5 3
4 16 20 50 5 7
2 32 20 50 6 5
16 32 30 50 2 7
2 4 2 30 3 4
2 16 10 50 2 8
8 64 10 30 4 7
8 16 20 30 5 8
2 16 2 60 2 6
4 32 2 30 4 4
32 64 2 50 6 7
32 64 2 50 4 3
2 8 30 60 2 7
2 64 20 60 6 7
4 32 2 10 2 8
16 32 30 50 5 3
2 16 2 30 1 5
2 64 2 30 6 4
2 64 20 30 3 7
8 16 2 60 3 6
16 32 2 30 5 7
2 8 2 50 6 8
2 8 2 30 6 5
2 64 30 60 2 4
2 64 20 60 1 7
32 64 2 10 3 3
2 64 20 60 2 5
32 64 2 60 4 5
2 16 20 50 3 7
2 64 10 60 5 4
2 4 2 60 5 7
2 64 20 60 5 5
32 64 20 60 5 4
2 32 10 30 1 8
8 32 20 60 1 5
2 32 2 50 1 5
8 16 10 60 2 3
4 16 10 50 1 7
2 32 30 50 6 3
2 64 20 50 2 7
4 16 10 60 3 3
2 4 10 60 4 3
16 32 20 50 5 7
32 64 30 60 1 5
4 64 2 30 3 6
2 4 20 30 1 5
2 4 10 30 4 6
2 16 20 50 5 8
4 32 2 60 1 6
8 64 10 60 4 4
2 16 20 30 2 4
4 8 2 50 5 4
16 32 10 60 2 3
4 16 2 50 3 6
2 4 2 10 6 5
32 64 10 50 1 5
2 64 30 60 1 4
16 32 30 50 2 6
8 16 30 50 3 7
4 8 10 50 4 4
4 16 30 50 5 6
8 32 20 50 4 7
2 32 2 10 6 7
2 32 2 60 2 3
4 64 30 60 5 5
2 8 2 10 1 3
4 16 10 30 4 6
2 8 20 30 2 8
8 16 10 60 6 6
2 4 20 50 1 5
2 8 10 60 2 4
2 4 20 30 5 6
2 16 30 50 6 5
4 16 10 50 4 5
16 32 20 50 1 8
4 64 2 50 5 7
2 4 30 60 1 8
8 64 2 10 6 7
2 4 20 50 5 8
2 32 10 50 1 3
16 32 30 50 4 4
2 8 2 50 4 5
4 64 10 60 2 4
32 64 2 30 5 8
8 16 2 30 6 7
4 32 2 50 5 5
8 16 2 30 3 7
16 32 30 50 6 6
8 16 30 60 6 4
16 64 2 60 6 8
8 16 2 10 3 4
2 64 20 60 4 8
2 16 20 30 1 7
4 8 20 30 2 7
8 32 2 30 3 6
2 64 10 30 3 5
16 64 30 60 1 6
8 16 20 30 1 8
4 64 2 10 4 8
16 64 30 60 2 5
2 16 2 30 6 4
4 8 10 30 4 3
32 64 30 50 4 7
32 64 30 50 3 8
16 32 20 60 2 8
32 64 20 30 1 7
4 16 10 50 5 7
32 64 2 60 2 7
8 32 10 60 3 4
4 8 20 30 1 6
4 64 2 60 1 5
16 64 20 30 5 5
32 64 20 60 2 5
4 32 10 50 1 7
16 32 2 50 1 6
4 64 2 10 3 7
4 8 10 60 4 3
16 64 20 60 3 7
16 64 10 30 1 3
4 32 10 60 1 6
2 4 2 60 2 5
8 32 20 60 4 6
16 64 20 30 5 5
16 32 2 50 5 7
8 64 2 60 2 7
32 64 30 50 4 6
32 64 20 50 3 8
2 4 20 60 4 6
4 64 20 60 2 3
4 64 30 50 6 3
4 16 20 60 5 3
4 64 10 30 5 3
2 64 30 60 5 7
4 8 20 50 6 5
8 64 20 60 3 5
4 32 20 50 5 6
2 4 10 50 1 7
8 32 2 10 6 3
2 64 20 60 6 8
4 8 2 30 3 5
4 32 2 10 6 4
8 32 30 60 5 5
32 64 30 50 4 4
32 64 10 60 1 3
2 8 30 50 5 5
4 32 10 60 4 6
16 64 10 30 4 8
32 64 20 30 3 7
2 8 30 50 2 6
4 32 2 30 6 5
2 16 10 50 6 8
2 16 2 60 4 5
32 64 30 60 6 7
16 32 20 30 1 7
4 16 30 50 6 5
8 64 20 50 2 5
8 16 10 50 5 7
16 64 10 50 1 3
2 16 20 50 5 3
32 64 10 60 1 5
4 32 2 50 4 8
32 64 2 50 2 4
2 64 30 50 5 3
2 64 2 10 2 3
