1000 2 0
8192 1000
4 16 2 10 6 5
16 64 2 50 8 2
8 32 10 50 6 3
4 16 20 60 5 7
16 128 5 50 7 6
64 128 2 50 5 6
8 64 5 20 4 2
4 64 20 60 6 4
16 32 10 60 7 2
32 128 2 10 6 4
8 32 5 20 4 2
8 128 5 20 6 2
4 64 10 20 4 7
16 64 2 20 6 5
4 8 10 20 6 4
16 32 5 10 3 5
4 32 20 50 3 5
8 64 2 10 6 6
8 16 10 60 8 6
8 128 2 10 4 3
4 8 10 20 6 6
8 64 10 20 3 7
8 128 5 10 4 7
4 16 10 50 3 6
4 64 5 20 8 4
16 32 2 60 7 7
64 128 20 50 3 6
4 8 2 50 6 7
8 32 2 10 8 3
32 128 20 60 8 7
8 16 10 50 4 5
16 128 2 50 3 3
8 16 2 10 7 6
4 64 20 60 3 7
4 32 2 10 8 5
4 32 2 50 5 4
8 128 20 50 7 6
16 128 20 50 5 7
32 64 10 20 6 2
4 32 10 20 6 6
8 16 2 20 8 6
4 128 20 50 4 4
4 8 5 50 7 4
16 128 20 60 4 7
4 64 5 10 5 5
4 128 2 10 4 2
4 16 5 50 7 4
64 128 5 60 7 5
16 32 10 60 5 7
16 32 5 20 7 5
8 64 5 10 4 2
8 64 20 50 5 5
4 64 10 20 3 6
8 32 2 20 5 3
8 16 2 50 5 7
4 128 5 20 8 5
4 16 2 20 6 4
4 64 5 50 4 5
16 32 5 60 7 2
4 128 5 60 5 4
8 32 10 50 8 6
16 128 20 50 7 4
32 64 5 10 5 5
16 128 10 60 6 2
32 128 10 60 8 3
4 128 5 60 8 2
4 16 2 10 5 7
8 64 10 20 3 2
4 16 2 50 5 3
4 8 2 20 6 3
4 8 10 50 6 2
4 32 10 20 4 5
4 64 2 20 5 2
4 64 20 60 8 6
4 8 2 20 6 7
8 128 5 10 7 7
8 64 10 60 4 6
64 128 5 60 5 2
32 128 2 60 3 7
32 128 2 60 6 3
4 64 2 50 7 4
4 32 2 10 8 7
16 128 10 20 5 3
8 128 20 60 4 5
4 16 2 50 3 3
8 64 10 60 3 6
8 32 2 20 5 5
4 32 5 20 4 2
16 32 5 60 8 5
4 16 5 60 7 7
4 128 10 60 8 6
4 32 20 50 8 6
4 64 2 60 4 6
4 64 2 20 7 2
8 128 5 10 6 2
4 64 5 50 4 6
4 16 10 20 4 2
4 8 2 20 6 5
16 32 5 20 5 6
32 64 2 60 4 3
32 128 5 50 4 6
4 64 20 60 3 7
16 32 10 50 3 2
8 64 2 20 4 5
16 128 2 20 3 4
4 16 2 50 8 5
16 32 5 50 5 6
32 64 2 10 8 2
64 128 5 50 8 5
8 16 10 60 5 2
16 64 5 60 5 4
16 128 5 50 8 7
8 32 10 20 3 2
32 128 2 20 6 4
4 128 2 10 4 3
8 64 5 60 5 7
4 64 2 20 6 6
32 64 5 50 7 5
4 32 10 50 3 5
8 64 10 50 6 7
4 16 5 20 6 5
8 32 5 50 8 2
8 32 2 20 4 3
4 8 5 60 7 2
64 128 2 50 6 3
16 64 5 10 7 6
4 32 2 60 4 4
16 32 20 60 3 2
64 128 2 50 6 4
32 64 20 50 3 6
64 128 2 20 8 5
4 128 2 10 8 4
4 128 2 50 7 7
16 64 2 50 5 7
16 64 5 50 8 2
4 64 20 50 8 6
4 32 5 60 4 6
16 128 20 60 8 7
8 64 20 60 7 5
32 64 20 50 7 7
8 128 2 50 8 7
8 16 2 60 3 4
64 128 2 10 6 5
64 128 20 50 3 6
8 16 2 10 4 6
16 64 5 10 6 4
32 64 5 60 5 7
8 16 10 20 7 3
8 32 2 10 8 6
8 16 20 60 8 2
8 64 5 60 6 6
16 128 20 60 7 5
8 16 10 50 6 5
4 64 5 10 5 5
4 128 5 10 3 3
4 8 2 50 4 5
4 64 2 20 7 2
4 64 20 50 5 4
4 16 5 60 5 4
16 128 10 60 7 3
16 32 5 50 7 6
32 64 2 20 6 6
8 64 5 60 5 6
16 32 10 60 8 6
32 128 5 50 5 3
4 32 10 50 7 4
4 8 10 20 5 2
8 32 5 60 7 2
16 128 10 60 3 4
32 64 10 20 7 2
4 64 10 60 3 6
16 128 10 50 3 5
4 8 10 20 7 4
64 128 2 60 5 5
8 16 2 20 8 2
4 64 20 60 8 6
4 16 10 50 5 5
4 128 5 10 7 5
16 64 10 20 4 3
8 128 10 60 4 5
8 32 2 60 3 2
32 128 10 60 6 2
16 128 5 10 5 4
4 16 2 10 4 5
4 16 2 50 6 4
16 128 20 60 8 6
16 128 20 60 3 7
4 128 2 50 5 4
8 16 5 60 3 3
16 128 20 60 3 5
8 16 2 60 6 4
32 64 5 60 8 2
4 16 20 60 5 4
16 128 5 20 3 3
4 128 2 50 5 2
8 128 2 60 6 6
8 64 10 50 7 2
4 8 5 60 8 6
8 64 2 60 6 5
16 128 2 50 7 5
8 128 10 20 5 3
8 16 10 50 4 6
8 16 5 20 3 2
16 128 5 10 7 5
16 32 10 50 8 7
4 128 10 50 3 6
4 8 5 10 5 7
4 8 5 50 8 3
8 128 10 50 4 2
32 64 2 50 5 4
4 8 2 50 8 4
32 128 10 20 4 4
16 32 5 50 8 3
8 128 20 50 6 2
4 128 20 50 8 2
32 64 5 20 5 3
16 128 5 20 7 3
8 32 5 10 3 4
64 128 2 10 5 3
8 32 5 10 4 3
64 128 5 60 4 7
8 16 20 50 4 2
8 64 10 60 4 6
4 64 2 10 8 4
16 128 5 20 8 6
8 16 5 50 8 4
8 16 2 10 7 7
16 32 20 50 7 6
4 16 10 20 5 6
16 64 5 60 5 7
16 64 2 50 6 3
16 32 5 60 8 6
16 128 2 10 6 5
16 128 10 20 5 4
16 128 2 60 3 5
4 128 5 10 4 5
64 128 10 50 5 2
4 16 20 60 5 5
16 64 20 60 3 5
8 64 10 50 4 3
4 32 5 10 8 7
4 8 5 60 7 7
8 32 5 20 6 5
4 64 2 20 7 3
4 16 5 50 3 6
32 64 10 60 7 3
32 128 5 60 7 6
4 128 10 50 8 2
8 16 10 50 4 2
4 128 10 20 7 2
8 64 10 20 4 6
8 64 20 50 6 4
8 32 20 60 8 3
16 64 5 10 8 6
4 16 10 50 5 5
4 8 5 10 8 2
4 32 2 20 5 6
16 32 2 20 8 7
8 128 2 20 5 3
4 8 5 60 7 3
8 16 2 20 7 4
8 32 20 60 8 7
8 32 10 50 3 2
4 128 2 20 8 2
32 128 2 60 8 6
4 32 10 60 6 4
32 128 2 20 8 6
4 64 10 60 3 7
32 64 10 20 4 2
4 128 10 60 8 7
8 16 5 10 4 3
64 128 20 50 6 5
4 64 10 20 3 7
8 32 10 20 6 3
32 128 5 50 4 2
4 128 5 60 4 6
16 32 5 10 7 7
4 32 5 10 8 2
8 128 10 60 4 6
16 64 5 60 5 7
4 32 5 10 8 3
8 64 10 50 4 3
8 64 2 20 3 6
32 128 20 50 8 7
4 32 20 50 6 4
16 128 10 50 6 5
32 64 10 20 5 4
8 16 10 20 3 7
8 16 2 20 5 4
16 64 10 50 5 5
8 128 20 50 6 7
16 64 5 10 3 7
32 64 10 60 4 2
8 64 2 50 4 6
32 64 5 60 7 7
8 16 2 10 8 3
16 64 5 60 8 2
4 16 5 50 4 5
8 16 5 60 7 6
16 32 5 60 7 6
8 64 2 60 4 6
4 8 20 50 3 5
32 128 5 50 6 6
8 16 5 10 6 4
16 64 2 20 5 7
64 128 20 60 6 6
16 64 2 50 7 4
8 16 2 10 8 6
4 16 2 50 8 6
16 32 10 50 4 7
8 64 2 10 5 6
16 64 10 60 4 2
64 128 20 60 8 7
8 128 5 60 8 4
4 128 5 50 8 3
4 16 5 50 5 4
64 128 2 50 8 6
16 128 20 50 8 3
4 16 10 60 6 4
4 128 10 20 7 2
8 32 10 50 8 5
8 32 20 60 6 6
16 64 2 20 6 3
8 16 10 20 5 6
8 16 20 50 7 7
64 128 5 60 8 7
32 128 10 50 6 2
4 32 5 20 5 3
16 32 5 20 5 6
8 32 20 50 3 7
8 16 10 50 4 2
8 128 10 20 4 3
8 64 2 50 3 6
4 64 2 10 3 5
4 128 10 20 5 6
8 16 10 20 4 7
4 64 10 20 6 4
16 32 2 50 7 7
64 128 2 60 7 7
32 64 10 20 7 4
16 128 2 50 7 4
64 128 5 10 6 2
16 64 2 50 3 3
32 128 20 50 5 7
16 64 2 20 8 6
8 128 2 50 6 5
32 128 5 10 4 5
8 64 2 10 3 6
8 128 10 60 8 6
16 64 2 60 7 6
16 64 20 50 3 5
8 16 20 60 8 6
8 32 20 60 4 6
16 32 5 20 7 4
8 32 10 60 5 4
32 128 2 10 6 6
16 128 10 50 6 6
16 64 10 50 6 2
8 16 5 20 3 3
4 16 10 50 7 3
8 16 10 60 4 2
8 16 5 50 5 4
8 128 5 60 6 3
8 32 5 10 6 4
16 128 5 50 3 5
4 32 2 50 7 4
4 8 20 50 5 4
8 64 5 10 5 3
16 128 2 50 6 4
16 32 20 50 6 6
16 128 2 20 7 6
16 64 10 60 7 6
4 32 20 60 5 7
4 128 2 20 6 7
4 128 5 20 3 7
4 8 20 50 6 5
16 64 5 60 3 7
4 16 5 20 4 6
4 32 2 50 5 3
8 32 5 10 7 2
4 32 2 60 3 4
4 128 2 10 6 3
4 128 20 60 3 6
8 64 5 60 6 5
16 128 5 60 7 4
32 128 2 60 4 4
16 64 2 20 7 6
4 16 2 50 7 7
4 16 5 60 5 5
16 128 2 60 6 5
32 128 10 50 7 3
8 128 20 60 5 6
32 128 5 50 7 2
16 32 10 50 8 5
8 64 5 20 6 4
16 32 5 50 4 7
16 32 10 50 5 7
8 32 5 10 3 3
8 16 2 50 4 5
16 64 20 60 8 5
4 64 2 60 3 4
64 128 10 20 5 7
16 32 10 60 7 4
16 128 2 50 5 6
64 128 10 50 3 3
32 64 20 50 7 5
4 128 10 60 4 4
4 32 20 60 4 2
8 64 10 50 7 5
16 32 2 20 5 2
4 128 5 50 4 3
32 128 20 60 7 3
8 64 2 20 4 6
8 128 20 50 8 6
32 128 5 10 5 4
32 64 5 60 8 7
8 128 10 20 3 4
8 64 2 50 5 7
8 128 5 10 6 3
32 64 2 60 5 6
4 64 5 10 3 7
64 128 2 20 6 3
8 32 2 20 3 6
8 64 10 60 5 4
4 8 5 60 3 3
16 64 10 20 6 5
16 128 10 50 3 2
4 16 2 60 3 4
4 64 2 60 8 5
4 32 2 50 6 5
4 8 5 20 5 4
16 32 5 10 4 2
4 64 2 20 4 2
4 16 2 50 3 3
4 64 2 60 5 3
64 128 5 50 7 6
32 128 20 60 3 4
4 64 10 50 4 6
8 64 2 50 5 5
4 8 20 50 3 4
16 64 5 50 6 3
64 128 5 20 6 2
4 8 10 50 5 5
4 16 5 10 7 7
8 64 5 50 6 3
4 128 20 60 3 6
16 64 2 60 4 6
16 128 20 50 4 6
4 128 5 60 4 6
4 32 2 60 4 6
16 128 5 60 6 7
32 128 5 60 8 3
16 64 5 50 3 5
32 128 2 20 5 7
4 64 20 50 4 7
4 128 2 50 5 5
8 128 20 60 6 5
4 128 2 50 4 3
4 32 10 20 6 5
4 8 5 50 4 5
8 32 2 10 6 2
16 64 2 10 8 6
4 8 5 10 7 2
4 8 2 60 6 7
8 32 5 20 4 4
64 128 5 50 6 6
32 128 5 50 8 2
16 64 5 60 4 3
4 8 2 50 4 6
16 128 20 60 4 3
64 128 20 60 7 6
32 128 2 50 7 3
4 64 10 20 7 7
8 128 2 10 4 2
4 128 2 20 7 4
8 64 10 20 4 4
8 16 20 60 8 7
4 16 2 60 3 7
8 32 2 60 3 7
8 32 10 60 7 4
8 128 5 60 3 3
8 128 2 20 3 4
4 16 10 50 8 7
4 64 2 10 7 4
4 8 5 60 5 5
8 16 10 20 4 3
4 64 20 60 8 5
16 64 10 50 4 4
16 64 20 50 6 4
16 64 5 20 3 2
4 32 20 60 3 6
64 128 5 20 6 4
4 128 10 50 6 2
16 64 10 60 5 5
16 64 10 20 7 3
4 128 5 10 5 7
16 128 2 20 8 7
16 32 5 10 8 2
8 16 10 60 5 3
4 64 5 60 5 4
4 128 5 10 4 3
8 128 5 60 5 5
4 128 10 60 3 6
8 32 10 50 8 6
16 128 5 20 7 7
16 128 5 20 6 7
8 16 2 50 7 6
32 64 2 10 4 2
16 32 2 50 8 5
32 64 2 60 8 7
8 32 10 50 8 5
4 64 10 60 3 4
32 128 5 10 6 3
64 128 5 10 5 7
4 16 10 60 4 7
16 128 5 60 5 6
4 16 2 20 8 3
32 128 10 50 7 5
32 128 2 50 7 5
16 128 20 60 4 3
16 64 10 20 4 5
8 128 10 20 8 4
16 32 5 60 3 4
8 16 2 10 7 4
32 128 10 50 3 5
64 128 5 50 5 5
16 64 20 60 3 7
64 128 20 50 8 6
32 64 20 50 6 2
4 32 20 60 6 6
32 64 10 20 5 7
4 8 2 50 4 5
16 128 2 60 7 3
16 64 5 60 3 3
8 64 10 50 3 5
4 128 2 10 7 5
8 16 2 50 8 7
16 128 20 50 5 6
4 128 20 60 4 6
16 128 10 50 6 2
16 32 5 20 8 4
4 64 5 10 5 3
8 32 5 50 5 6
16 32 2 60 3 5
8 32 2 50 6 5
16 32 5 10 3 5
8 16 5 10 3 6
4 32 10 20 7 6
8 32 10 60 5 3
16 32 5 10 3 4
8 64 5 50 5 4
16 64 5 10 4 2
4 8 5 60 5 3
8 32 2 50 8 7
4 128 20 60 8 5
64 128 10 60 3 4
4 64 5 20 8 3
16 64 10 50 5 5
4 32 2 60 7 2
8 128 5 20 4 6
8 16 2 10 4 6
8 32 10 60 8 7
8 64 5 50 4 5
8 128 5 10 5 7
16 128 20 60 3 7
4 32 2 50 4 7
4 32 10 20 8 6
64 128 20 50 5 6
4 8 5 50 6 3
8 16 20 50 3 6
16 32 2 20 7 7
8 16 2 60 5 4
4 128 2 10 5 6
4 128 5 60 7 5
32 64 5 10 6 5
4 8 2 50 5 5
16 64 5 60 4 2
16 128 5 60 3 6
32 128 20 50 6 5
64 128 2 10 6 7
4 16 2 10 3 5
8 128 20 50 5 5
8 16 10 60 4 7
16 128 5 50 3 4
4 16 20 50 3 7
8 16 5 10 7 6
16 32 2 10 7 7
8 64 2 60 6 3
8 64 2 10 7 3
64 128 5 20 3 7
8 32 5 10 7 7
4 32 5 20 5 2
4 64 10 60 8 3
8 128 2 50 8 2
32 64 5 50 4 7
4 16 2 60 3 5
8 16 5 60 8 5
4 16 2 60 4 4
32 64 10 20 4 3
8 128 5 60 3 4
8 128 5 50 6 6
4 128 2 60 6 5
16 32 10 20 5 6
16 128 10 20 7 3
8 32 5 60 5 6
8 32 2 20 6 2
4 8 5 50 8 3
64 128 2 60 8 2
32 64 5 20 6 4
8 128 2 50 7 6
4 8 2 20 6 6
4 32 5 10 5 3
4 32 2 20 6 4
4 32 5 60 7 7
4 8 2 60 8 4
4 128 10 60 4 6
16 32 5 10 3 4
32 64 2 60 7 6
16 32 2 60 8 3
16 128 10 50 6 2
32 128 20 60 4 4
8 32 5 20 4 7
8 128 20 60 6 6
8 32 10 20 3 7
4 32 20 60 6 2
8 16 10 50 3 3
4 16 20 50 8 6
4 16 20 60 8 7
16 128 5 50 6 7
16 128 5 20 8 7
4 16 2 10 4 4
4 8 2 10 6 4
4 32 10 60 4 3
4 64 2 10 8 6
4 64 10 20 8 2
64 128 5 20 4 2
32 128 10 20 6 3
4 128 2 50 5 2
8 16 20 50 6 7
8 32 5 50 4 6
8 16 5 20 4 6
4 128 10 60 6 7
4 8 10 20 4 7
4 8 20 60 8 2
8 64 5 50 8 5
32 64 10 60 7 5
16 32 2 50 6 5
32 64 5 50 4 6
8 64 2 20 3 4
32 64 2 10 3 5
16 32 2 10 5 3
8 128 10 50 8 7
4 16 5 20 3 6
32 64 2 60 6 6
4 128 5 50 8 3
16 128 20 60 6 6
8 32 2 60 7 2
8 16 5 20 5 4
8 16 5 60 3 2
32 64 2 60 3 2
4 16 2 20 6 4
4 8 5 60 6 6
8 32 10 20 5 2
16 64 10 60 8 6
64 128 2 50 3 2
4 8 10 20 4 2
4 32 10 20 3 4
32 64 5 60 4 4
8 128 20 60 6 5
8 32 20 60 5 6
4 8 20 50 6 6
8 128 10 20 6 4
4 32 20 60 7 3
4 128 5 10 6 2
64 128 2 20 7 3
4 128 20 60 8 2
8 32 20 60 8 3
16 32 2 20 6 6
4 128 5 60 3 5
16 32 5 10 8 7
4 64 2 10 3 4
4 64 2 60 7 5
16 64 5 50 8 6
16 32 20 50 5 2
4 128 5 20 4 4
4 16 2 60 7 2
16 128 2 10 8 5
4 64 2 60 5 4
64 128 2 60 3 4
8 64 20 60 7 3
8 128 10 50 8 3
32 128 5 10 3 5
4 64 2 60 5 5
8 128 10 50 8 7
8 32 20 60 8 5
32 64 2 20 7 7
8 32 5 60 4 6
8 16 2 60 8 7
4 8 20 60 6 4
4 128 10 50 6 6
4 8 5 20 3 4
4 8 10 20 3 2
32 128 5 50 7 5
16 64 10 50 8 4
8 16 5 20 3 6
4 8 10 50 3 7
4 32 5 50 7 7
16 32 2 50 3 2
8 64 20 50 7 4
4 32 5 50 3 5
4 128 10 20 4 3
8 64 10 20 8 2
4 8 5 20 5 7
64 128 2 20 8 4
16 64 2 60 6 6
8 32 2 10 5 3
8 16 5 20 6 6
8 16 20 50 7 4
8 32 2 10 4 4
8 64 10 20 7 3
16 32 20 60 3 5
8 32 5 50 6 4
32 64 5 60 3 5
64 128 20 60 5 4
4 8 20 60 8 6
16 64 2 50 8 7
8 32 2 60 8 3
16 64 5 50 6 2
8 16 10 20 4 2
4 128 20 50 5 5
64 128 10 60 3 5
4 8 20 60 4 6
8 16 20 50 6 5
8 128 20 60 5 6
4 8 5 10 7 5
4 8 2 50 7 7
16 128 10 60 6 4
32 64 2 10 7 6
16 128 2 20 7 2
4 8 20 50 3 4
4 64 5 60 4 2
8 32 2 10 5 6
32 128 5 60 3 4
4 8 10 20 6 4
4 64 2 20 7 4
16 128 10 20 4 4
4 32 20 50 6 4
16 32 2 60 3 4
8 32 2 50 6 2
32 64 20 50 3 2
4 32 10 20 4 6
16 128 5 20 6 7
16 128 5 60 5 2
64 128 5 10 8 2
32 64 10 50 8 6
32 128 20 50 8 3
8 32 10 60 5 4
16 32 5 60 7 4
32 128 20 50 5 3
4 32 20 50 8 5
4 8 20 60 7 3
4 32 20 50 7 4
4 128 5 20 7 3
8 64 10 20 7 6
64 128 2 60 8 3
4 8 10 60 4 7
4 8 10 60 6 3
8 64 2 50 5 5
16 128 2 10 7 4
4 16 2 10 7 4
8 128 20 50 5 2
4 16 5 50 7 5
4 16 5 20 4 4
8 16 10 20 6 4
8 64 10 20 3 4
16 32 2 60 3 3
8 64 5 50 3 7
8 64 5 60 8 6
8 64 5 50 3 7
16 64 20 60 8 5
8 32 20 60 7 7
4 64 10 20 4 6
16 32 2 20 8 5
4 32 5 50 4 4
8 64 20 50 7 3
64 128 2 20 6 3
8 32 2 20 8 5
16 64 20 50 6 7
4 8 2 20 4 5
4 64 2 60 5 4
16 64 5 60 3 3
16 32 20 60 6 3
16 128 10 50 8 6
8 64 2 50 7 4
8 16 20 60 6 5
8 128 5 60 5 4
32 128 2 10 6 6
16 128 2 10 7 7
64 128 5 60 6 3
8 128 5 10 3 6
4 64 10 50 8 6
4 32 5 50 5 7
64 128 5 60 8 2
32 128 5 60 5 6
32 128 20 60 3 6
4 128 10 20 3 2
4 128 5 60 6 5
16 32 10 20 3 3
4 16 10 60 3 3
64 128 5 20 7 5
4 128 5 10 4 6
16 32 5 60 8 2
32 64 2 10 5 3
16 128 10 20 8 3
32 64 20 50 6 2
4 64 2 60 8 5
32 128 20 60 4 2
32 128 5 60 7 4
16 128 10 60 3 4
8 128 5 10 3 5
32 128 2 50 5 6
8 32 5 60 4 4
32 128 10 20 4 7
4 16 10 20 4 6
4 32 10 20 7 3
8 128 10 20 5 6
8 32 2 60 7 3
32 64 2 20 8 7
8 16 10 50 4 5
4 8 10 60 6 2
16 64 2 50 7 2
16 32 2 20 4 3
32 64 5 20 3 7
4 64 10 60 6 5
16 32 5 10 5 2
8 128 5 50 7 5
4 64 2 50 5 3
32 64 20 50 8 5
32 128 2 50 4 3
16 128 5 20 7 3
32 64 20 60 8 5
16 64 5 20 6 2
32 64 20 60 7 6
8 128 20 60 6 6
8 16 10 50 4 7
4 8 10 50 3 7
16 128 10 50 3 7
4 32 2 50 7 6
8 16 2 60 3 6
4 16 10 20 3 2
8 64 2 10 3 7
4 64 5 50 8 6
4 8 5 60 4 7
32 64 10 60 5 7
16 32 2 50 3 2
4 8 2 20 3 4
4 8 5 20 8 4
16 32 2 20 4 3
8 16 10 50 6 7
4 32 2 20 7 3
64 128 5 60 5 3
4 128 5 20 7 4
4 8 10 60 3 2
4 128 2 20 7 7
8 16 10 20 6 3
4 64 2 60 5 4
32 128 20 50 3 6
8 128 20 60 7 7
4 8 5 60 6 7
4 64 2 10 4 7
8 32 10 60 8 6
16 128 5 20 8 6
16 32 2 60 7 6
4 128 10 20 4 5
64 128 5 50 5 6
8 64 20 60 8 6
32 128 10 60 7 7
16 128 20 60 4 5
8 128 20 50 3 2
16 128 5 10 3 5
32 128 2 20 6 2
4 16 10 60 6 2
16 128 10 60 3 6
4 32 2 60 6 5
8 128 20 60 7 5
16 128 10 50 8 2
8 16 2 60 3 3
16 128 10 60 3 7
16 64 5 20 5 3
8 16 20 50 7 5
16 64 20 50 8 6
4 32 2 60 5 2
8 64 10 60 6 2
32 64 5 10 6 7
8 32 5 60 6 6
4 16 5 10 7 7
4 16 5 10 5 7
4 8 2 50 3 6
8 64 10 60 5 3
16 32 5 50 5 2
8 32 20 50 8 4
32 128 20 60 8 4
4 16 5 50 5 4
64 128 5 60 6 5
8 64 5 50 8 2
4 32 5 10 6 7
64 128 2 60 8 6
4 32 20 60 3 3
32 64 2 20 3 5
4 32 2 10 4 3
32 128 5 60 3 4
32 64 20 60 4 6
16 32 10 20 6 6
4 128 20 50 4 2
16 32 10 50 5 3
4 8 10 50 3 4
4 64 2 60 4 6
8 128 2 60 4 4
32 64 10 60 3 4
64 128 10 60 4 3
64 128 2 50 6 3
32 64 10 50 4 5
8 128 5 20 4 5
8 16 5 10 8 6
4 8 5 60 6 2
4 32 2 10 5 5
32 128 20 60 4 2
64 128 2 20 8 3
4 8 5 50 6 5
16 64 10 50 5 7
4 16 2 20 7 6
16 128 2 10 7 3
32 64 20 60 3 2
8 128 10 50 5 6
8 32 20 50 5 4
16 128 10 50 8 4
16 32 10 20 5 7
4 128 5 20 7 7
16 32 5 20 3 6
16 32 10 50 6 6
8 32 2 60 6 7
4 16 5 20 3 6
4 128 5 10 6 7
4 8 10 60 4 4
4 64 20 50 7 3
8 128 2 60 4 3
8 128 10 20 6 4
16 64 20 60 8 5
64 128 10 20 6 3
32 64 2 20 5 3
16 32 5 50 8 5
4 128 10 50 5 5
16 128 10 50 4 7
4 64 5 20 3 7
4 64 10 20 8 3
8 16 2 10 6 7
4 8 10 20 8 6
8 128 2 10 6 2
32 64 5 60 6 5
4 128 10 60 4 6
4 16 5 60 5 3
8 16 2 20 4 6
4 16 20 50 3 7
64 128 5 50 8 2
8 16 5 50 8 3
8 32 10 20 8 6
4 16 2 20 7 2
32 128 5 50 7 6
4 32 20 60 4 4
8 16 10 20 6 4
8 128 2 50 6 3
4 64 2 10 8 7
8 64 10 50 8 2
16 32 5 20 5 3
32 128 5 50 5 2
64 128 2 60 5 4
64 128 5 20 8 3
8 64 10 60 4 7
8 128 2 20 4 7
8 64 5 20 6 6
8 16 2 60 6 6
32 128 5 20 4 2
16 64 10 50 3 5
4 8 10 20 5 3
16 32 5 50 8 3
4 8 2 50 8 3
8 16 10 60 5 2
8 32 2 60 4 5
8 16 2 60 4 6
64 128 20 50 8 5
8 64 10 20 4 2
16 32 10 60 5 3
32 64 10 60 8 2
8 16 20 60 6 7
32 64 2 10 5 7
8 128 10 60 8 4
4 128 10 60 3 5
4 8 5 50 8 4
16 32 10 50 8 2
16 32 2 50 8 7
