200 2 0
1024 200
4 80 2 8 4 8
32 64 6 8 7 9
32 80 6 8 3 6
16 32 2 10 2 8
4 80 10 20 6 5
32 100 6 8 4 5
32 80 2 20 2 6
16 32 2 6 5 5
8 64 6 8 6 5
32 100 6 20 7 9
4 32 2 10 6 9
8 100 6 8 4 8
4 80 6 20 5 6
16 64 2 6 7 4
8 100 8 10 5 7
8 32 6 20 2 7
4 32 8 20 3 7
4 100 2 10 2 5
4 64 6 8 5 9
4 64 2 20 4 6
16 80 2 6 7 6
4 64 6 10 7 5
32 64 2 8 6 4
16 100 2 10 3 9
32 100 6 8 7 4
8 80 2 10 3 8
4 32 6 20 4 9
32 64 2 10 3 4
4 80 2 10 6 5
4 64 2 8 2 9
4 100 6 10 3 5
4 32 6 8 7 8
32 80 2 10 7 4
32 100 2 6 7 5
4 100 8 10 5 5
16 32 2 8 4 5
32 80 8 10 3 4
8 32 6 8 7 8
4 100 6 20 5 9
4 32 2 6 6 9
8 64 8 20 2 4
32 100 6 20 4 8
8 64 6 8 3 4
4 64 2 8 2 5
8 100 6 20 4 6
16 64 2 6 7 8
4 64 10 20 4 6
32 64 2 10 5 4
8 64 2 10 3 9
16 64 10 20 4 8
4 100 8 20 4 9
16 64 6 20 3 6
8 32 10 20 2 6
32 100 2 20 7 6
16 80 2 8 5 9
32 100 6 8 5 8
8 32 6 20 7 4
8 80 6 20 5 8
16 64 2 10 7 7
32 80 2 10 6 6
4 80 6 20 6 5
16 64 8 20 5 5
32 64 2 10 5 5
4 80 6 8 4 5
16 64 2 10 6 7
4 32 2 8 6 7
8 80 6 20 6 6
16 100 2 6 4 5
4 80 6 20 7 7
16 80 2 20 2 5
32 80 2 10 4 8
4 64 2 8 7 8
16 64 6 20 5 9
16 64 2 6 7 8
8 100 8 20 5 6
16 64 2 8 3 4
4 100 2 20 5 7
16 32 6 20 5 7
16 64 2 8 4 8
16 80 6 8 7 9
4 32 6 8 4 4
8 80 2 8 5 8
8 32 10 20 2 8
32 100 2 6 7 7
4 64 10 20 5 6
4 80 6 10 7 8
8 64 6 10 6 8
16 64 2 20 5 4
8 32 2 10 3 5
16 32 2 20 2 4
4 64 2 6 3 4
4 100 2 8 7 6
32 80 2 20 3 6
4 32 2 20 3 5
16 80 6 20 6 4
4 100 2 10 3 9
16 64 2 10 2 4
16 64 6 20 4 7
16 64 6 20 4 8
8 100 6 10 7 8
4 80 6 10 7 6
32 100 2 8 4 8
4 100 2 20 7 5
8 32 8 20 2 5
16 32 8 20 2 5
32 100 2 6 4 6
4 100 2 8 6 6
8 100 10 20 6 4
16 80 2 10 5 6
4 64 10 20 6 9
8 80 8 10 2 5
8 64 2 20 7 6
8 64 6 20 4 6
8 100 6 8 2 5
8 80 8 10 3 7
4 80 2 8 4 7
4 64 2 20 4 9
8 100 6 8 5 6
32 64 2 8 6 8
16 64 8 20 6 4
8 100 8 20 6 7
4 100 2 6 6 6
4 100 6 8 5 6
16 100 8 20 3 4
32 80 2 10 7 4
32 100 2 20 6 8
32 64 6 10 7 7
32 100 6 20 5 7
16 100 8 20 6 4
16 100 2 10 6 9
16 32 8 20 5 7
8 100 2 20 4 4
32 80 2 8 5 7
8 64 2 8 5 8
4 80 6 10 2 5
32 64 6 10 5 4
4 100 2 20 3 5
16 64 6 10 7 8
8 100 2 8 4 5
8 32 10 20 7 7
16 80 2 20 7 7
16 80 8 20 4 9
32 64 6 20 4 8
16 64 6 8 7 5
4 32 6 8 4 4
4 100 2 20 2 4
32 80 8 10 3 4
16 80 8 10 6 6
16 100 10 20 6 7
16 32 6 20 5 7
4 100 8 10 5 9
4 64 8 10 5 7
16 32 8 10 7 9
4 80 2 8 6 7
8 64 2 10 2 5
4 100 2 10 3 6
32 100 6 10 2 7
16 100 8 10 3 5
16 100 2 8 2 4
16 100 6 8 5 6
16 100 6 8 2 6
32 80 6 20 6 6
4 80 6 10 7 7
8 32 2 10 7 8
32 100 2 8 4 7
4 64 2 8 3 9
8 80 8 10 2 8
4 64 6 8 2 8
4 100 2 8 4 6
32 100 6 10 5 8
8 32 8 20 6 5
16 100 2 20 3 5
32 80 6 20 4 8
4 100 2 6 4 7
16 100 6 20 3 9
32 64 2 8 5 4
8 100 8 10 3 5
16 100 6 20 5 5
4 64 6 8 6 9
16 32 10 20 6 9
8 80 6 8 6 9
4 100 2 8 7 5
16 80 2 6 7 6
8 64 8 20 6 4
8 32 2 6 3 9
8 80 10 20 6 8
8 32 2 6 3 6
8 64 6 10 2 5
8 64 10 20 4 4
4 32 6 20 2 9
4 80 10 20 3 6
16 80 2 10 5 4
8 100 2 20 5 7
32 100 6 20 4 8
32 80 8 20 6 9
32 80 2 6 2 6
32 80 6 10 4 4
8 64 2 8 5 9
8 100 8 10 2 9
32 100 2 8 2 5
