300 3 0
2048 400 80
16 64 2 10 1 16 3 4 4
2 8 20 50 1 10 5 3 2
4 64 2 60 1 10 2 6 5
4 16 2 60 10 16 5 3 3
4 32 10 60 1 2 3 7 3
32 64 2 50 1 16 1 3 4
8 64 20 50 1 16 6 3 5
2 16 2 10 2 16 6 8 2
2 16 2 60 2 8 3 7 4
2 16 30 50 2 16 1 6 2
8 16 20 50 4 16 3 5 5
32 64 2 50 1 2 6 7 4
2 8 2 10 1 8 1 3 2
4 8 30 60 10 16 6 3 4
4 32 10 50 4 10 5 8 2
16 32 2 10 10 16 1 7 5
8 16 30 50 2 10 1 3 5
4 8 2 60 4 8 2 8 2
8 32 20 30 2 16 6 8 5
8 16 2 60 1 10 2 8 3
8 64 20 30 2 10 1 4 2
4 64 20 60 2 10 2 8 4
2 4 2 30 1 8 3 7 4
2 8 20 30 4 10 3 6 3
2 4 20 30 2 8 6 8 5
8 32 10 60 2 8 4 6 3
4 64 20 50 2 10 6 6 2
8 32 2 30 1 2 4 4 5
4 64 10 50 4 10 2 5 3
2 4 2 50 1 8 3 8 3
4 8 30 50 4 8 6 8 2
4 64 20 30 2 8 6 6 4
2 16 2 10 1 10 6 4 4
8 64 2 30 1 8 5 8 4
4 16 20 50 4 10 4 3 4
4 32 2 50 1 2 2 4 2
2 32 20 50 1 16 2 7 4
16 64 2 10 1 8 4 8 2
4 32 20 30 1 2 6 3 5
8 16 2 30 4 16 4 8 3
32 64 10 30 10 16 6 8 4
8 32 30 60 4 10 3 4 3
2 16 30 50 1 16 5 3 2
4 64 30 60 2 10 5 8 2
16 64 2 50 10 16 1 4 3
8 64 2 50 1 16 1 4 2
2 4 20 60 1 2 2 6 5
2 64 2 30 2 10 4 6 2
32 64 2 50 2 10 5 4 4
4 32 10 60 1 8 6 5 5
8 16 2 30 1 8 1 8 4
2 8 2 50 2 16 5 6 5
4 16 2 30 4 8 1 7 3
4 8 20 50 2 10 5 7 2
16 32 2 60 10 16 6 8 5
4 32 20 50 10 16 3 4 4
32 64 2 50 10 16 4 8 5
2 32 10 50 1 10 2 7 4
8 16 20 30 2 10 5 7 5
16 32 20 50 1 8 2 4 5
8 16 20 30 1 10 6 3 3
4 16 2 30 2 10 2 4 2
8 32 20 50 1 10 4 6 2
2 8 2 30 1 10 6 7 5
4 32 20 60 2 10 6 6 3
16 32 2 50 2 16 6 7 4
2 64 20 30 2 16 5 5 3
8 16 10 50 1 8 2 6 3
4 16 30 50 4 10 6 8 3
4 16 20 60 4 16 1 5 2
32 64 2 60 4 8 6 8 4
16 32 30 50 10 16 5 6 2
8 16 2 50 2 8 5 5 5
16 32 20 30 2 8 4 8 2
2 64 10 50 10 16 4 5 3
2 32 2 60 1 2 3 8 5
2 8 30 60 2 10 1 3 3
16 32 2 30 10 16 4 6 4
16 64 10 60 2 10 5 6 2
8 16 2 10 4 8 6 3 5
2 8 2 10 1 16 3 8 2
8 64 20 60 10 16 6 6 2
8 16 20 30 2 10 5 4 5
2 4 20 50 2 10 3 8 4
2 64 2 10 2 8 4 8 3
4 64 20 50 4 16 5 8 3
2 8 2 60 1 16 6 8 4
4 64 10 30 4 10 3 5 2
4 8 20 50 2 10 3 7 4
4 32 10 50 10 16 1 3 4
4 32 20 60 1 8 1 6 2
8 64 2 50 4 16 4 5 2
32 64 10 30 4 8 1 7 5
2 64 2 50 10 16 5 6 3
4 32 20 30 4 10 4 6 2
16 64 2 30 2 10 6 8 4
4 64 20 30 10 16 4 3 2
2 32 2 60 2 10 5 5 5
2 8 10 50 4 10 4 3 4
16 32 2 60 1 8 5 5 4
8 32 20 30 1 10 2 5 4
4 64 30 60 1 10 4 6 3
4 8 10 30 2 16 4 3 2
16 64 2 50 10 16 2 7 5
2 4 10 60 1 2 4 4 5
16 32 10 60 1 2 6 4 3
16 32 10 50 2 16 1 7 2
2 64 2 50 4 10 6 4 3
32 64 20 30 4 16 2 6 2
8 64 10 30 2 16 2 5 3
2 4 20 30 1 8 3 3 3
2 4 2 30 10 16 4 6 5
8 16 10 30 4 8 5 6 4
2 16 2 60 2 16 6 5 5
8 16 30 50 1 8 5 5 2
8 32 20 50 2 10 3 3 5
4 64 10 60 1 8 3 6 5
2 32 2 60 4 10 6 6 2
8 16 2 10 2 10 5 8 4
16 32 20 50 2 16 5 5 3
2 4 2 30 4 8 3 6 3
2 32 2 50 4 8 6 8 5
2 4 2 10 4 8 1 4 5
2 32 20 60 2 8 3 8 4
32 64 20 50 1 8 1 5 4
2 8 2 50 4 16 2 6 5
2 8 2 50 4 16 3 7 5
32 64 20 60 2 10 6 6 2
2 16 30 50 1 10 6 8 4
4 32 30 60 4 16 4 7 4
4 16 20 50 1 10 1 3 3
8 16 10 60 1 8 1 6 2
2 8 30 50 2 10 5 8 5
4 32 20 50 1 10 2 8 2
2 8 20 30 1 8 2 3 4
16 32 20 50 1 10 1 7 4
32 64 2 50 4 8 5 8 2
2 8 10 30 4 16 6 6 4
2 64 2 10 4 10 5 3 2
16 32 2 50 4 8 4 6 3
4 16 2 60 2 8 4 7 4
4 8 30 50 2 16 3 4 2
8 64 20 60 2 10 1 6 4
16 64 10 50 2 8 4 6 5
2 16 20 60 4 8 5 3 5
4 8 20 60 4 8 5 6 5
2 4 2 10 1 16 5 4 3
32 64 20 30 10 16 3 3 2
2 4 2 10 10 16 2 4 2
8 16 20 60 1 10 1 5 2
4 8 2 10 10 16 5 6 5
16 64 2 50 4 10 3 5 4
16 64 2 50 4 10 4 7 2
4 16 30 60 1 8 2 6 2
8 32 10 50 2 10 1 7 5
16 64 2 60 1 16 1 7 3
4 16 20 60 1 16 1 3 5
16 32 2 30 1 8 4 8 3
4 8 30 50 2 8 4 4 3
2 4 30 60 10 16 3 6 5
4 8 2 50 10 16 6 5 2
4 64 30 60 1 16 6 5 2
4 8 2 30 2 10 5 8 5
4 64 2 50 1 2 1 8 2
32 64 2 10 2 10 1 7 5
16 32 2 30 1 8 1 4 5
32 64 2 30 2 16 5 4 5
2 8 2 60 4 10 4 5 5
2 8 2 10 1 16 3 7 3
8 32 20 30 1 10 4 7 3
2 8 2 30 2 16 6 6 2
4 32 2 50 4 16 4 6 5
32 64 10 60 4 10 6 8 3
8 64 10 50 2 10 1 5 3
2 32 30 60 10 16 5 8 2
4 64 10 30 2 10 4 7 5
8 16 20 60 10 16 5 5 2
4 16 30 50 4 8 6 4 2
8 16 2 50 4 8 4 5 2
2 4 30 60 2 16 6 3 4
16 32 10 50 2 10 2 5 5
8 32 10 30 4 10 4 4 5
2 16 2 10 4 8 6 5 4
4 64 10 60 1 10 3 6 3
16 64 30 60 2 8 2 6 5
2 4 2 10 1 2 4 4 5
2 8 20 60 2 8 5 7 3
2 8 2 10 4 10 3 6 2
2 64 20 60 2 10 4 8 5
4 32 2 60 4 8 6 3 3
16 32 20 60 1 2 3 6 2
8 32 20 30 2 8 6 5 4
2 16 30 50 1 8 2 3 5
16 32 10 50 2 10 1 5 2
32 64 20 60 10 16 5 3 2
2 32 30 50 10 16 5 8 3
16 32 20 60 4 10 6 8 5
4 8 20 50 1 10 2 7 5
2 4 30 60 1 10 5 6 3
4 64 30 50 1 2 2 5 5
8 16 2 50 1 2 3 8 4
8 64 20 60 1 8 3 4 2
4 32 20 50 1 16 5 4 3
2 64 30 50 2 8 2 8 2
2 64 20 30 4 16 1 5 3
16 32 20 30 1 10 1 6 2
2 32 2 30 2 8 2 8 4
32 64 20 50 1 10 5 4 5
8 16 30 60 2 8 6 3 2
8 64 20 60 1 16 4 4 2
2 4 20 60 2 10 1 8 5
2 4 10 60 1 10 3 6 2
2 32 2 30 4 8 2 5 2
16 32 20 30 4 8 4 6 3
8 16 20 60 4 8 1 4 5
4 64 10 60 2 8 2 8 5
8 64 2 50 10 16 5 7 5
4 16 30 60 2 16 2 4 5
8 64 30 50 1 2 5 4 5
2 16 20 50 1 2 6 7 3
2 4 2 50 4 8 5 4 2
2 64 10 50 2 8 2 6 3
2 16 2 50 4 10 5 3 5
2 8 2 10 1 16 4 7 3
4 8 10 60 2 8 5 8 4
8 64 10 30 10 16 4 6 2
2 16 2 60 4 8 2 5 2
2 16 30 50 1 10 3 5 2
8 64 20 60 1 2 4 8 2
32 64 20 50 4 10 1 7 3
16 32 20 60 1 8 1 4 2
2 4 2 30 4 8 4 8 4
4 64 10 30 1 2 3 5 3
32 64 20 50 1 8 2 4 3
2 4 10 60 10 16 6 7 3
2 4 10 60 1 10 6 6 2
4 64 30 50 1 2 5 6 3
4 32 2 60 4 10 1 7 5
4 8 2 60 1 10 1 5 3
8 64 2 30 4 8 1 3 2
4 32 10 60 1 2 3 5 2
2 16 10 50 4 16 5 4 2
8 32 2 30 2 8 3 5 5
2 32 2 30 4 8 5 6 4
2 4 30 60 4 10 6 6 4
2 32 30 60 4 10 6 3 4
16 64 2 50 4 16 2 6 2
8 16 30 60 10 16 5 6 5
2 32 30 60 1 16 1 7 2
8 32 20 50 4 10 4 3 4
8 32 20 50 1 10 5 4 2
2 64 10 30 4 16 6 5 3
2 4 10 50 4 16 2 4 4
16 64 20 30 1 2 4 8 5
2 32 2 60 2 8 3 6 3
8 32 2 30 1 10 5 8 5
16 32 2 30 1 10 2 8 4
8 16 2 30 1 16 5 6 4
4 8 2 30 2 8 3 7 5
2 4 2 10 2 16 4 8 4
2 64 30 60 1 10 6 3 3
8 16 20 60 1 16 1 3 3
16 32 30 50 4 16 4 7 3
4 16 2 60 1 2 6 8 4
2 4 2 10 2 10 4 7 5
4 64 2 30 2 8 2 4 2
2 64 10 60 2 16 1 8 5
16 64 20 30 1 8 1 7 4
2 16 30 50 4 10 2 6 5
2 64 30 60 1 10 4 8 4
2 4 20 60 1 2 4 6 2
2 32 2 10 1 16 5 7 4
2 64 20 30 1 10 5 6 4
8 64 20 50 2 10 3 7 4
4 8 10 60 10 16 1 3 5
2 64 2 50 2 16 1 8 3
8 16 20 50 4 8 3 8 5
2 16 10 30 1 16 3 3 2
2 32 30 50 1 2 2 3 5
8 32 20 50 2 10 3 4 3
16 32 10 30 2 8 3 4 5
2 32 10 30 4 10 3 5 5
4 32 30 50 2 10 6 7 2
2 8 2 60 4 10 6 8 5
32 64 20 50 1 2 1 7 5
32 64 20 60 10 16 5 6 4
4 16 20 50 1 10 1 6 4
8 32 10 30 10 16 2 6 3
4 8 2 10 1 16 1 4 3
16 32 10 60 4 10 4 6 3
2 32 10 50 1 16 1 4 2
4 16 2 50 2 10 3 4 5
8 16 2 10 2 16 2 5 2
8 16 20 60 1 16 3 8 2
4 32 30 60 1 10 3 8 4
4 32 10 50 10 16 4 6 3
2 4 10 30 4 16 3 5 2
4 16 2 60 4 10 4 6 5
16 64 2 60 1 10 2 3 4
8 16 10 50 1 2 1 8 2
