200 3 0
1024 200 100
4 64 10 16 2 5 2 6 6
8 32 8 10 5 15 5 4 6
32 128 16 20 15 20 4 5 5
4 8 10 40 5 10 3 6 5
4 32 10 20 2 20 2 6 5
4 64 8 40 15 20 2 5 3
4 64 8 10 10 15 5 7 4
4 8 16 40 10 20 6 6 6
8 64 8 10 2 15 2 6 4
16 128 8 20 2 10 5 6 6
4 8 8 16 5 20 5 4 4
8 32 20 40 2 10 4 4 6
32 64 10 20 5 10 6 9 6
8 128 20 40 5 15 7 5 6
32 128 10 20 2 20 2 6 5
16 128 8 20 15 20 3 9 3
8 64 8 10 2 20 3 5 4
16 32 8 10 2 5 6 7 3
16 64 16 20 5 15 5 5 6
16 64 8 16 10 20 3 6 4
32 64 8 20 2 20 4 4 3
32 128 8 20 5 20 2 6 4
32 64 20 40 2 15 3 5 5
32 64 8 40 2 5 4 6 5
32 64 8 10 10 15 2 7 6
8 128 16 40 2 15 7 6 5
4 32 8 16 5 20 3 8 5
4 64 16 20 10 20 5 6 4
32 64 8 10 2 5 4 6 6
4 32 8 10 10 15 4 4 3
16 64 8 16 10 15 2 6 3
4 128 10 40 10 15 7 6 4
4 8 16 40 5 20 4 6 3
16 128 8 20 10 15 2 6 4
16 128 8 20 5 15 4 7 6
16 64 8 40 15 20 7 5 5
8 128 10 20 5 20 5 4 5
16 64 16 40 15 20 6 7 6
4 128 20 40 5 15 3 7 6
4 64 10 20 5 15 5 5 3
16 64 8 10 5 15 2 9 4
16 32 8 20 10 15 3 5 5
32 128 10 20 2 5 2 7 6
16 128 8 10 2 10 3 6 3
16 32 8 20 5 20 3 7 5
4 32 10 16 10 15 5 8 4
4 8 10 16 10 20 2 7 4
16 128 8 10 2 20 6 7 4
8 32 8 40 10 20 4 5 3
32 128 10 40 5 15 3 9 3
4 64 10 40 2 20 7 8 3
8 128 16 40 2 10 7 7 4
4 32 8 10 5 20 7 8 5
4 32 10 16 2 5 7 9 5
16 64 16 40 5 20 3 7 6
32 64 8 16 10 20 2 9 6
16 128 20 40 10 20 4 9 4
8 64 10 40 2 20 2 9 5
4 8 16 20 5 10 2 6 6
4 64 10 40 10 20 7 8 5
4 32 8 40 5 15 2 8 4
16 64 10 40 10 15 4 8 3
4 32 16 20 2 15 3 9 5
4 128 8 40 5 20 7 6 6
16 32 16 20 5 15 2 4 4
32 64 16 20 5 20 4 9 5
32 64 10 40 2 20 6 4 6
16 128 10 40 2 5 5 6 4
32 64 16 20 2 15 3 6 5
4 32 8 40 2 10 5 9 5
8 64 16 40 2 10 3 4 4
4 128 16 20 2 20 6 8 4
4 64 8 20 2 10 2 5 6
4 64 8 16 5 15 3 8 3
4 128 10 40 2 20 5 9 3
8 128 20 40 10 15 4 7 6
32 128 8 40 5 10 2 9 5
32 64 16 40 2 10 7 4 4
16 32 8 40 15 20 6 9 4
8 32 8 40 2 5 7 4 5
32 64 10 16 2 10 2 6 6
8 64 16 40 15 20 6 5 6
4 128 16 40 10 20 2 5 6
16 64 8 20 2 10 3 7 6
4 64 8 10 2 20 5 9 6
8 64 20 40 2 20 6 7 4
8 128 8 10 5 15 6 6 5
16 32 10 16 5 15 3 6 5
4 64 10 20 5 10 3 6 3
4 32 10 16 10 15 3 7 3
16 64 16 40 5 10 4 9 4
32 64 16 40 10 20 2 4 4
16 32 16 40 2 5 3 6 4
8 32 16 40 10 20 4 7 5
32 64 10 20 2 10 6 5 6
8 64 8 20 5 10 5 8 5
8 32 8 40 2 15 3 4 3
8 64 8 10 2 20 4 9 5
8 128 8 16 2 5 6 6 5
8 128 8 10 2 20 4 5 4
4 8 10 20 2 10 7 5 4
16 32 8 40 2 15 7 6 4
8 128 16 40 2 5 4 6 3
4 128 8 20 5 20 4 9 6
4 8 16 40 2 5 2 9 5
8 128 8 40 2 10 5 9 3
32 64 16 40 15 20 2 9 5
4 8 16 40 2 5 3 8 5
8 32 10 20 5 15 5 5 5
16 64 8 16 5 10 2 7 6
4 8 8 20 15 20 7 8 4
16 32 16 40 2 15 6 5 3
4 32 16 40 5 10 4 5 5
16 128 10 20 15 20 7 9 6
16 64 20 40 5 20 2 7 6
8 64 8 16 10 15 7 5 4
32 128 10 20 5 10 6 9 5
4 64 20 40 5 10 6 6 6
32 64 8 20 10 15 6 4 5
32 64 20 40 5 15 6 6 4
4 64 20 40 10 15 7 5 5
8 128 10 16 5 15 5 6 4
32 128 10 20 10 15 7 8 4
32 128 10 40 5 15 2 9 4
32 128 10 20 10 15 3 8 6
32 128 10 16 5 20 6 6 3
8 64 8 10 2 5 3 9 4
4 32 10 40 2 20 6 8 3
4 128 10 16 5 15 6 9 3
4 32 8 10 15 20 3 5 3
16 64 10 20 2 20 5 4 5
32 128 16 40 15 20 7 4 4
16 32 16 40 5 15 2 7 6
4 32 16 20 10 20 3 5 6
4 32 16 20 15 20 6 4 5
32 64 8 10 2 10 2 6 6
4 8 10 16 2 10 4 7 5
8 32 8 10 5 20 5 8 6
8 128 8 40 2 5 7 9 5
8 64 16 40 2 15 4 9 4
16 32 8 10 5 15 7 4 5
32 128 8 40 5 10 3 9 3
32 64 8 10 15 20 6 6 3
16 32 10 20 2 10 6 6 6
32 64 8 16 2 10 3 4 3
16 32 10 40 5 20 4 9 5
16 32 10 20 2 20 7 7 5
8 32 16 20 5 10 5 4 3
8 64 8 40 2 5 7 5 3
16 128 10 16 2 10 7 7 3
16 128 10 20 2 20 3 7 3
32 128 16 20 10 20 7 7 5
4 64 20 40 2 10 4 6 4
8 64 10 40 2 20 6 5 4
4 32 8 10 15 20 2 7 6
32 64 8 40 10 15 2 4 6
4 64 8 16 10 20 7 9 5
4 64 8 10 2 20 7 6 4
8 64 10 20 5 15 7 6 3
4 8 10 20 2 20 7 9 5
8 32 8 40 15 20 4 6 4
4 128 8 40 10 20 7 4 6
16 64 16 20 5 15 4 6 6
32 64 20 40 2 5 5 4 4
32 128 8 16 10 20 2 5 6
4 8 10 16 5 15 4 6 3
4 8 8 40 2 15 7 9 6
32 64 16 40 2 20 6 4 5
4 8 8 16 2 15 4 4 6
32 64 10 20 5 15 2 9 4
16 128 8 10 15 20 7 9 5
4 8 8 10 15 20 6 9 3
16 32 20 40 2 20 4 4 6
32 128 8 16 2 15 2 5 5
16 128 10 20 5 15 6 8 3
4 32 8 10 2 10 3 4 5
16 128 8 40 15 20 2 4 6
4 32 8 20 15 20 6 8 3
16 128 10 40 2 15 6 9 6
16 32 10 20 5 15 2 8 5
8 64 8 10 10 20 2 4 3
32 64 16 40 5 20 2 8 5
4 128 8 10 5 20 4 9 4
16 64 10 40 10 15 3 4 4
4 64 10 40 2 10 7 9 4
8 32 10 20 2 15 3 7 3
32 64 16 20 10 20 7 9 6
32 64 8 10 5 10 7 4 5
32 64 8 20 2 20 5 6 4
16 128 10 40 15 20 4 5 3
4 64 16 40 2 10 5 4 4
16 64 16 40 5 15 3 7 4
4 8 10 16 5 15 5 5 3
8 64 10 40 2 20 2 5 3
32 64 20 40 2 10 7 9 4
8 32 10 16 5 20 2 5 4
8 64 8 16 10 20 4 6 3
32 64 10 20 2 5 4 9 6
4 64 8 20 2 5 2 4 4
4 64 8 20 2 5 4 5 5
