100 4 0
512 64 100 50
8 128 2 16 10 20 2 6 3 4 7 5
4 128 2 6 5 40 1 4 2 4 6 3
4 16 2 12 15 20 2 8 4 3 2 2
16 128 6 8 10 40 1 8 4 7 7 2
4 128 1 6 10 20 1 4 4 7 2 4
16 32 6 16 20 40 2 6 1 8 4 2
8 128 2 6 5 15 2 4 1 8 7 2
8 16 6 12 10 20 1 8 2 3 6 1
8 128 2 12 10 15 1 6 1 7 2 5
8 128 2 8 10 15 2 4 1 8 3 1
16 32 2 12 15 40 1 4 6 5 3 3
16 64 1 16 20 40 2 8 5 7 7 4
32 64 2 12 15 40 4 6 4 8 3 5
4 128 8 12 20 40 6 8 6 3 6 4
16 128 4 6 20 40 1 6 4 3 5 1
4 64 4 12 5 40 4 6 6 3 2 4
8 128 4 6 10 20 4 8 6 7 7 4
4 16 2 16 10 20 1 8 2 6 5 1
16 64 4 12 5 10 2 8 2 4 4 5
8 128 4 16 5 10 1 4 3 5 2 5
32 128 2 4 5 40 1 4 3 7 3 4
8 64 1 16 10 15 2 6 2 4 5 1
32 128 2 6 10 15 1 4 6 8 2 1
16 64 4 6 10 20 2 4 4 3 4 1
16 32 2 4 10 20 1 2 6 5 6 3
8 64 6 8 10 15 2 6 4 8 3 2
16 128 1 8 10 40 1 4 1 7 6 5
32 64 8 16 20 40 1 8 2 7 5 1
4 128 2 16 20 40 1 4 4 3 2 5
32 64 2 6 15 20 1 8 3 8 7 5
4 16 2 6 10 40 1 8 1 6 6 2
8 128 6 12 10 15 1 4 2 7 3 3
16 64 2 8 10 40 2 6 1 5 7 5
16 128 1 12 10 20 2 8 3 4 4 2
4 32 4 16 10 15 2 6 1 6 6 5
16 64 1 8 15 40 1 2 2 6 5 1
16 64 4 12 5 20 2 8 4 8 2 1
4 32 6 12 5 40 1 6 2 6 5 4
16 128 1 8 10 40 2 6 1 8 7 5
4 128 6 8 5 10 4 8 5 5 6 4
32 64 1 4 20 40 1 8 4 7 7 4
8 32 1 12 10 40 4 6 3 6 4 3
8 128 1 6 5 40 4 6 1 4 7 5
4 16 6 16 20 40 2 6 1 5 6 3
4 128 2 8 5 40 4 6 1 8 4 4
32 64 2 16 20 40 1 6 2 8 6 1
8 16 8 12 10 20 6 8 1 3 3 3
8 128 6 12 15 20 2 6 6 5 6 3
8 64 2 6 5 15 6 8 5 5 5 3
4 64 2 16 20 40 1 8 1 7 2 1
8 64 8 16 10 40 1 2 1 3 4 1
8 64 6 16 15 40 1 2 4 8 6 4
16 64 4 12 5 20 1 4 4 3 5 1
8 32 1 12 10 20 2 4 1 4 4 1
4 64 4 16 10 40 2 8 6 6 4 2
32 64 2 12 10 15 6 8 4 4 4 2
32 128 4 12 5 10 2 6 5 4 7 3
32 64 4 8 5 40 4 8 6 6 2 3
16 32 1 16 10 40 6 8 4 4 5 2
16 32 1 16 5 20 4 8 5 8 3 4
16 128 8 12 5 20 1 8 5 7 6 2
16 64 2 8 20 40 2 4 1 8 4 1
8 64 6 16 20 40 2 8 6 8 2 4
16 64 2 6 5 10 1 4 3 7 2 3
4 64 2 16 10 20 1 6 6 4 6 3
8 64 2 4 5 20 6 8 1 8 7 5
16 32 1 12 15 40 6 8 2 4 4 5
8 32 1 16 10 15 1 8 5 8 4 1
4 32 2 4 5 10 2 6 5 8 6 4
4 32 4 8 15 40 1 6 4 3 3 3
8 64 6 12 5 10 1 6 1 4 7 1
8 32 6 12 5 40 6 8 2 5 7 5
32 128 6 12 5 15 1 4 1 6 4 4
16 128 4 16 10 20 2 6 5 8 7 3
8 128 4 6 15 40 4 6 1 7 6 1
8 64 2 6 15 40 2 4 2 3 2 3
16 128 1 16 5 40 1 4 6 3 4 3
4 128 6 12 5 10 1 6 5 7 7 4
4 64 8 16 5 20 1 4 3 3 3 4
16 64 1 12 5 10 1 6 1 6 7 1
4 64 1 6 10 20 4 6 1 3 3 4
16 128 6 8 5 15 1 2 4 7 4 2
4 64 6 8 10 40 2 8 5 4 7 4
8 64 4 6 5 20 1 2 6 5 6 2
4 64 1 6 10 15 2 6 3 3 7 2
8 32 6 16 5 40 2 4 6 4 2 1
8 32 4 16 10 40 1 4 3 4 4 5
4 128 4 12 15 20 4 8 4 6 4 3
16 128 4 6 5 20 2 8 3 7 2 3
8 128 2 16 5 40 2 6 2 8 7 5
16 64 2 16 10 20 2 8 5 3 4 2
4 64 4 16 15 40 2 8 1 3 4 1
4 64 1 8 5 10 4 6 6 7 6 3
4 64 2 4 5 10 4 6 5 5 5 3
8 128 8 12 5 20 1 6 3 4 3 5
16 64 6 12 15 20 1 8 1 5 7 1
4 16 1 12 5 10 2 8 4 7 6 2
8 128 8 16 5 10 6 8 4 3 4 1
32 64 1 16 10 15 1 2 3 3 5 2
32 64 1 6 5 10 1 2 5 5 6 4
